timestamp;buyer;seller;symbol;currency;price;quantity
0;;SUBMISSION;VEV_5300;XIREC;52.0;6
0;;SUBMISSION;VEV_5300;XIREC;51.0;19
0;;SUBMISSION;VEV_5400;XIREC;22.0;25
0;;SUBMISSION;VEV_5500;XIREC;8.0;25
100;;SUBMISSION;VEV_5300;XIREC;52.0;17
100;;SUBMISSION;VEV_5400;XIREC;23.0;17
100;;SUBMISSION;VEV_5500;XIREC;8.0;17
200;;SUBMISSION;VEV_5300;XIREC;52.0;10
200;;SUBMISSION;VEV_5300;XIREC;51.0;14
200;;SUBMISSION;VEV_5400;XIREC;23.0;10
200;;SUBMISSION;VEV_5400;XIREC;22.0;14
200;;SUBMISSION;VEV_5500;XIREC;8.0;24
300;;SUBMISSION;VEV_5300;XIREC;52.0;9
300;;SUBMISSION;VEV_5300;XIREC;51.0;11
300;;SUBMISSION;VEV_5400;XIREC;23.0;9
300;;SUBMISSION;VEV_5400;XIREC;22.0;11
300;;SUBMISSION;VEV_5500;XIREC;8.0;20
400;;SUBMISSION;VEV_5300;XIREC;52.0;6
400;;SUBMISSION;VEV_5300;XIREC;51.0;13
400;;SUBMISSION;VEV_5400;XIREC;23.0;6
400;;SUBMISSION;VEV_5400;XIREC;22.0;13
400;;SUBMISSION;VEV_5500;XIREC;8.0;19
500;;SUBMISSION;VEV_5300;XIREC;51.0;22
500;;SUBMISSION;VEV_5400;XIREC;22.0;22
500;;SUBMISSION;VEV_5500;XIREC;8.0;22
600;;SUBMISSION;VEV_5300;XIREC;51.0;22
600;;SUBMISSION;VEV_5400;XIREC;22.0;22
600;;SUBMISSION;VEV_5500;XIREC;8.0;22
700;;SUBMISSION;VEV_5300;XIREC;51.0;21
700;;SUBMISSION;VEV_5400;XIREC;22.0;21
700;;SUBMISSION;VEV_5500;XIREC;8.0;21
800;;SUBMISSION;VEV_5400;XIREC;22.0;15
800;;SUBMISSION;VEV_5500;XIREC;8.0;15
900;;SUBMISSION;VEV_5400;XIREC;22.0;29
900;;SUBMISSION;VEV_5500;XIREC;8.0;29
1000;;SUBMISSION;VEV_5400;XIREC;22.0;23
1000;;SUBMISSION;VEV_5500;XIREC;8.0;23
1100;;SUBMISSION;VEV_5300;XIREC;51.0;23
1100;;SUBMISSION;VEV_5400;XIREC;22.0;23
1100;;SUBMISSION;VEV_5500;XIREC;8.0;23
1200;;SUBMISSION;VEV_5300;XIREC;51.0;18
1200;;SUBMISSION;VEV_5400;XIREC;22.0;18
1200;;SUBMISSION;VEV_5500;XIREC;8.0;18
1300;;SUBMISSION;VEV_5300;XIREC;51.0;10
1300;;SUBMISSION;VEV_5300;XIREC;50.0;14
1300;;SUBMISSION;VEV_5400;XIREC;22.0;22
1300;;SUBMISSION;VEV_5500;XIREC;8.0;22
2000;;SUBMISSION;VEV_5300;XIREC;51.0;10
2000;;SUBMISSION;VEV_5300;XIREC;50.0;14
2300;;SUBMISSION;VEV_5300;XIREC;51.0;24
2400;;SUBMISSION;VEV_5300;XIREC;51.0;17
2500;;;VELVETFRUIT_EXTRACT;XIREC;5250.0;4
2900;;;VEV_5400;XIREC;22.0;3
2900;;;VEV_5500;XIREC;8.0;3
2900;;;VEV_6000;XIREC;0.0;3
2900;;;VEV_6500;XIREC;0.0;3
5200;;;VELVETFRUIT_EXTRACT;XIREC;5236.0;3
5500;;;VELVETFRUIT_EXTRACT;XIREC;5241.0;8
8000;;SUBMISSION;HYDROGEL_PACK;XIREC;10017.0;6
8600;SUBMISSION;;VEV_4000;XIREC;1240.0;13
8600;SUBMISSION;;VEV_4000;XIREC;1242.0;23
8600;SUBMISSION;;VEV_4500;XIREC;737.0;8
8600;SUBMISSION;;VEV_4500;XIREC;739.0;16
9000;;;VEV_4000;XIREC;1222.0;2
9300;;;VELVETFRUIT_EXTRACT;XIREC;5229.0;6
10100;;SUBMISSION;HYDROGEL_PACK;XIREC;10013.0;5
11100;;;VEV_4000;XIREC;1246.0;1
11900;;;VELVETFRUIT_EXTRACT;XIREC;5237.0;4
14000;;;VELVETFRUIT_EXTRACT;XIREC;5243.0;7
14200;;SUBMISSION;HYDROGEL_PACK;XIREC;10012.0;2
14300;;SUBMISSION;HYDROGEL_PACK;XIREC;10011.0;1
14400;;SUBMISSION;HYDROGEL_PACK;XIREC;10011.0;1
14500;;SUBMISSION;HYDROGEL_PACK;XIREC;10012.0;3
14600;;SUBMISSION;HYDROGEL_PACK;XIREC;10011.0;1
15200;;;VEV_5400;XIREC;21.0;5
15200;;;VEV_5500;XIREC;7.0;5
15200;;;VEV_6000;XIREC;0.0;5
15200;;;VEV_6500;XIREC;0.0;5
15300;;SUBMISSION;HYDROGEL_PACK;XIREC;10025.0;3
15400;;;VEV_4000;XIREC;1232.0;3
15700;;;HYDROGEL_PACK;XIREC;10009.0;2
15800;;SUBMISSION;HYDROGEL_PACK;XIREC;10011.0;1
16100;;SUBMISSION;HYDROGEL_PACK;XIREC;10011.0;2
16400;;;HYDROGEL_PACK;XIREC;10009.0;4
16500;;SUBMISSION;HYDROGEL_PACK;XIREC;10018.0;5
16500;;SUBMISSION;HYDROGEL_PACK;XIREC;10010.0;2
17000;;;VELVETFRUIT_EXTRACT;XIREC;5239.0;6
18600;;;VEV_4000;XIREC;1247.0;3
19900;;;VELVETFRUIT_EXTRACT;XIREC;5236.0;7
20300;;;HYDROGEL_PACK;XIREC;10002.0;5
20500;SUBMISSION;;HYDROGEL_PACK;XIREC;10001.0;3
20700;;;VELVETFRUIT_EXTRACT;XIREC;5238.0;5
22500;;;VELVETFRUIT_EXTRACT;XIREC;5234.0;4
23200;;;VELVETFRUIT_EXTRACT;XIREC;5234.0;4
23300;;;HYDROGEL_PACK;XIREC;9997.0;2
24400;;;VEV_4000;XIREC;1225.0;1
26000;SUBMISSION;;VELVETFRUIT_EXTRACT;XIREC;5231.0;50
26000;SUBMISSION;;VEV_4000;XIREC;1239.0;9
26000;SUBMISSION;;VEV_4000;XIREC;1241.0;15
26000;SUBMISSION;;VEV_4500;XIREC;736.0;12
26000;SUBMISSION;;VEV_4500;XIREC;738.0;22
26100;SUBMISSION;;VELVETFRUIT_EXTRACT;XIREC;5227.0;5
26100;SUBMISSION;;VELVETFRUIT_EXTRACT;XIREC;5231.0;45
26100;SUBMISSION;;VEV_4000;XIREC;1238.0;9
26100;SUBMISSION;;VEV_4000;XIREC;1241.0;23
26100;SUBMISSION;;VEV_4500;XIREC;736.0;7
26100;SUBMISSION;;VEV_4500;XIREC;738.0;18
26100;;;VELVETFRUIT_EXTRACT;XIREC;5227.0;5
26200;SUBMISSION;;VELVETFRUIT_EXTRACT;XIREC;5230.0;50
26200;SUBMISSION;;VEV_4000;XIREC;1238.0;7
26200;SUBMISSION;;VEV_4000;XIREC;1240.0;27
26200;SUBMISSION;;VEV_4500;XIREC;735.0;8
26200;SUBMISSION;;VEV_4500;XIREC;737.0;13
26300;SUBMISSION;;VELVETFRUIT_EXTRACT;XIREC;5231.0;50
26300;SUBMISSION;;VEV_4000;XIREC;1238.0;14
26300;SUBMISSION;;VEV_4000;XIREC;1241.0;25
26300;SUBMISSION;;VEV_4500;XIREC;736.0;7
26300;SUBMISSION;;VEV_4500;XIREC;738.0;13
26400;SUBMISSION;;VEV_4000;XIREC;1238.0;8
26400;SUBMISSION;;VEV_4000;XIREC;1240.0;15
26400;SUBMISSION;;VEV_4500;XIREC;735.0;10
26400;SUBMISSION;;VEV_4500;XIREC;737.0;18
26500;SUBMISSION;;VEV_4000;XIREC;1239.0;15
26500;SUBMISSION;;VEV_4000;XIREC;1242.0;25
26500;SUBMISSION;;VEV_4500;XIREC;737.0;7
26500;SUBMISSION;;VEV_4500;XIREC;738.0;13
26600;SUBMISSION;;VEV_4000;XIREC;1239.0;14
26600;SUBMISSION;;VEV_4000;XIREC;1242.0;19
26600;SUBMISSION;;VEV_4500;XIREC;737.0;10
26600;SUBMISSION;;VEV_4500;XIREC;739.0;12
26700;SUBMISSION;;VEV_4000;XIREC;1240.0;10
26700;SUBMISSION;;VEV_4000;XIREC;1242.0;24
26700;SUBMISSION;;VEV_4500;XIREC;737.0;11
26700;SUBMISSION;;VEV_4500;XIREC;739.0;18
27300;;;VELVETFRUIT_EXTRACT;XIREC;5230.0;3
28300;SUBMISSION;;HYDROGEL_PACK;XIREC;9997.0;1
28400;SUBMISSION;;HYDROGEL_PACK;XIREC;9995.0;6
28400;;;VELVETFRUIT_EXTRACT;XIREC;5230.0;8
28500;SUBMISSION;;HYDROGEL_PACK;XIREC;9994.0;8
28500;;;HYDROGEL_PACK;XIREC;9994.0;5
28600;SUBMISSION;;HYDROGEL_PACK;XIREC;9991.0;12
28600;SUBMISSION;;HYDROGEL_PACK;XIREC;9994.0;3
28700;SUBMISSION;;HYDROGEL_PACK;XIREC;9992.0;12
28800;SUBMISSION;;HYDROGEL_PACK;XIREC;9991.0;10
28800;SUBMISSION;;HYDROGEL_PACK;XIREC;9994.0;5
28900;SUBMISSION;;HYDROGEL_PACK;XIREC;9988.0;14
28900;SUBMISSION;;HYDROGEL_PACK;XIREC;9991.0;7
29000;SUBMISSION;;HYDROGEL_PACK;XIREC;9989.0;15
29000;SUBMISSION;;HYDROGEL_PACK;XIREC;9992.0;4
29100;SUBMISSION;;HYDROGEL_PACK;XIREC;9989.0;11
29100;SUBMISSION;;HYDROGEL_PACK;XIREC;9991.0;8
29100;SUBMISSION;;HYDROGEL_PACK;XIREC;9974.0;6
29200;SUBMISSION;;HYDROGEL_PACK;XIREC;9989.0;13
29200;SUBMISSION;;HYDROGEL_PACK;XIREC;9992.0;6
29300;SUBMISSION;;HYDROGEL_PACK;XIREC;9988.0;11
29300;SUBMISSION;;HYDROGEL_PACK;XIREC;9990.0;3
29700;SUBMISSION;;VEV_4000;XIREC;1239.0;5
29700;SUBMISSION;;VEV_4500;XIREC;737.0;8
29700;SUBMISSION;;VEV_4500;XIREC;739.0;12
29800;SUBMISSION;;VEV_4500;XIREC;737.0;12
29800;SUBMISSION;;VEV_4500;XIREC;739.0;20
29800;;;VELVETFRUIT_EXTRACT;XIREC;5232.0;4
31100;SUBMISSION;;VEV_4500;XIREC;737.0;6
31100;SUBMISSION;;VEV_4500;XIREC;739.0;18
31200;SUBMISSION;;VEV_4500;XIREC;737.0;1
31700;;;VEV_5400;XIREC;18.0;5
31700;;;VEV_5500;XIREC;6.0;5
31700;;;VEV_6000;XIREC;0.0;5
31700;;;VEV_6500;XIREC;0.0;5
32300;SUBMISSION;;HYDROGEL_PACK;XIREC;9985.0;9
32400;SUBMISSION;;HYDROGEL_PACK;XIREC;9984.0;2
32500;SUBMISSION;;HYDROGEL_PACK;XIREC;9982.0;5
33000;SUBMISSION;;HYDROGEL_PACK;XIREC;9981.0;2
33100;SUBMISSION;;HYDROGEL_PACK;XIREC;9978.0;7
33300;SUBMISSION;;HYDROGEL_PACK;XIREC;9977.0;2
33300;;;VELVETFRUIT_EXTRACT;XIREC;5233.0;6
33400;SUBMISSION;;HYDROGEL_PACK;XIREC;9971.0;4
34600;SUBMISSION;;HYDROGEL_PACK;XIREC;9973.0;1
36500;;;VELVETFRUIT_EXTRACT;XIREC;5229.0;7
36800;;;VELVETFRUIT_EXTRACT;XIREC;5228.0;7
37300;;;VELVETFRUIT_EXTRACT;XIREC;5231.0;5
38200;;;VELVETFRUIT_EXTRACT;XIREC;5232.0;5
38400;;;VELVETFRUIT_EXTRACT;XIREC;5235.0;3
38700;;;VELVETFRUIT_EXTRACT;XIREC;5236.0;6
39900;;;VELVETFRUIT_EXTRACT;XIREC;5230.0;8
40500;;;VELVETFRUIT_EXTRACT;XIREC;5232.0;7
41500;;;VEV_4000;XIREC;1242.0;1
45100;;;VEV_5400;XIREC;19.0;2
45100;;;VEV_5500;XIREC;7.0;2
45100;;;VEV_6000;XIREC;0.0;2
45100;;;VEV_6500;XIREC;0.0;2
45800;SUBMISSION;;HYDROGEL_PACK;XIREC;9979.0;2
47900;;;VELVETFRUIT_EXTRACT;XIREC;5234.0;4
54300;;;VELVETFRUIT_EXTRACT;XIREC;5239.0;4
54600;;;HYDROGEL_PACK;XIREC;9987.0;3
54900;;;VELVETFRUIT_EXTRACT;XIREC;5240.0;4
55000;;;HYDROGEL_PACK;XIREC;9987.0;6
56700;;;HYDROGEL_PACK;XIREC;9991.0;6
57500;;;VELVETFRUIT_EXTRACT;XIREC;5246.0;4
57900;;;VEV_4000;XIREC;1232.0;1
60000;SUBMISSION;;HYDROGEL_PACK;XIREC;9989.0;4
61900;;;VELVETFRUIT_EXTRACT;XIREC;5242.0;5
62400;;;VEV_4000;XIREC;1229.0;2
63900;SUBMISSION;;HYDROGEL_PACK;XIREC;9987.0;5
65600;;;VELVETFRUIT_EXTRACT;XIREC;5238.0;8
67600;;;HYDROGEL_PACK;XIREC;9993.0;5
68400;;;VEV_6000;XIREC;0.0;5
68400;;;VEV_6500;XIREC;0.0;5
69200;;;VELVETFRUIT_EXTRACT;XIREC;5239.0;8
69500;;;VEV_5300;XIREC;48.0;5
69500;;;VEV_5400;XIREC;20.0;5
69500;;;VEV_5500;XIREC;7.0;5
69500;;;VEV_6000;XIREC;0.0;5
69500;;;VEV_6500;XIREC;0.0;5
73000;SUBMISSION;;HYDROGEL_PACK;XIREC;9981.0;3
75300;;;VEV_4000;XIREC;1253.0;3
75500;;;VELVETFRUIT_EXTRACT;XIREC;5243.0;6
75800;;;VELVETFRUIT_EXTRACT;XIREC;5240.0;3
76300;;;VELVETFRUIT_EXTRACT;XIREC;5247.0;8
77800;;;HYDROGEL_PACK;XIREC;9990.0;2
79000;;;VEV_4000;XIREC;1235.0;2
79800;;;VELVETFRUIT_EXTRACT;XIREC;5247.0;6
79800;;;VEV_4000;XIREC;1260.0;1
79900;;;VEV_4000;XIREC;1261.0;2
81700;;;VEV_4000;XIREC;1264.0;1
85300;;;VELVETFRUIT_EXTRACT;XIREC;5245.0;6
85800;;;VELVETFRUIT_EXTRACT;XIREC;5238.0;4
86300;;;VELVETFRUIT_EXTRACT;XIREC;5244.0;7
86800;;;VELVETFRUIT_EXTRACT;XIREC;5245.0;6
87400;;;VEV_5300;XIREC;47.0;3
87400;;;VEV_5400;XIREC;20.0;3
87400;;;VEV_5500;XIREC;7.0;3
87400;;;VEV_6000;XIREC;0.0;3
87400;;;VEV_6500;XIREC;0.0;3
88000;;;VEV_4000;XIREC;1247.0;1
88900;;;VEV_5500;XIREC;7.0;4
88900;;;VEV_6000;XIREC;0.0;4
88900;;;VEV_6500;XIREC;0.0;4
89300;;;VELVETFRUIT_EXTRACT;XIREC;5237.0;5
90000;;;HYDROGEL_PACK;XIREC;9950.0;6
92600;;;VELVETFRUIT_EXTRACT;XIREC;5232.0;5
93200;;;HYDROGEL_PACK;XIREC;9948.0;6
94600;SUBMISSION;;HYDROGEL_PACK;XIREC;9932.0;3
94900;SUBMISSION;;HYDROGEL_PACK;XIREC;9935.0;4
96800;SUBMISSION;;HYDROGEL_PACK;XIREC;9941.0;2
98200;;;VEV_4000;XIREC;1246.0;3
99100;;;VEV_4000;XIREC;1251.0;1
100000;;;VELVETFRUIT_EXTRACT;XIREC;5240.0;4
101800;;;VELVETFRUIT_EXTRACT;XIREC;5241.0;4
102200;SUBMISSION;;HYDROGEL_PACK;XIREC;9947.0;5
102600;;;VELVETFRUIT_EXTRACT;XIREC;5236.0;4
104800;;;VELVETFRUIT_EXTRACT;XIREC;5235.0;6
105100;SUBMISSION;;HYDROGEL_PACK;XIREC;9944.0;4
105600;;;VELVETFRUIT_EXTRACT;XIREC;5235.0;12
106100;SUBMISSION;;HYDROGEL_PACK;XIREC;9944.0;3
106100;;;HYDROGEL_PACK;XIREC;9943.0;3
108800;;;HYDROGEL_PACK;XIREC;9949.0;2
109200;SUBMISSION;;VEV_5000;XIREC;238.0;6
109200;SUBMISSION;;VEV_5000;XIREC;239.0;23
109300;;;VEV_4000;XIREC;1216.0;1
109500;SUBMISSION;;HYDROGEL_PACK;XIREC;9927.0;2
109500;SUBMISSION;;VEV_5000;XIREC;238.0;11
109500;SUBMISSION;;VEV_5000;XIREC;239.0;13
109600;SUBMISSION;;VEV_5000;XIREC;238.0;12
109600;SUBMISSION;;VEV_5000;XIREC;239.0;20
109700;SUBMISSION;;VEV_5000;XIREC;234.0;4
109700;SUBMISSION;;VEV_5000;XIREC;237.0;27
109700;;;VEV_5300;XIREC;41.0;4
109700;;;VEV_5400;XIREC;17.0;4
109700;;;VEV_5500;XIREC;6.0;4
109700;;;VEV_6000;XIREC;0.0;4
109700;;;VEV_6500;XIREC;0.0;4
109800;SUBMISSION;;VEV_5000;XIREC;237.0;27
109900;SUBMISSION;;VEV_5000;XIREC;236.0;7
109900;SUBMISSION;;VEV_5000;XIREC;237.0;14
110000;SUBMISSION;;VEV_5000;XIREC;236.0;31
110100;SUBMISSION;;VEV_5000;XIREC;236.0;7
110100;SUBMISSION;;VEV_5000;XIREC;237.0;22
110200;SUBMISSION;;VEV_5000;XIREC;237.0;27
110200;;;VELVETFRUIT_EXTRACT;XIREC;5224.0;5
110300;SUBMISSION;;VEV_5000;XIREC;237.0;8
110300;SUBMISSION;;VEV_5000;XIREC;238.0;16
110400;SUBMISSION;;VEV_5000;XIREC;237.0;22
110500;SUBMISSION;;VEV_5000;XIREC;236.0;3
110600;;;VEV_5300;XIREC;41.0;3
110600;;;VEV_5400;XIREC;17.0;3
110600;;;VEV_5500;XIREC;6.0;3
110600;;;VEV_6000;XIREC;0.0;3
110600;;;VEV_6500;XIREC;0.0;3
112900;;;VELVETFRUIT_EXTRACT;XIREC;5224.0;5
113700;SUBMISSION;;VEV_5100;XIREC;149.0;10
113700;SUBMISSION;;VEV_5100;XIREC;150.0;15
113900;SUBMISSION;;VEV_5100;XIREC;149.0;10
113900;SUBMISSION;;VEV_5100;XIREC;150.0;14
114000;SUBMISSION;;VEV_5100;XIREC;149.0;10
114000;SUBMISSION;;VEV_5100;XIREC;150.0;18
115500;SUBMISSION;;VEV_5100;XIREC;148.0;6
115500;SUBMISSION;;VEV_5100;XIREC;149.0;14
115600;SUBMISSION;;VEV_5100;XIREC;149.0;27
115700;SUBMISSION;;VEV_5100;XIREC;148.0;8
115700;SUBMISSION;;VEV_5100;XIREC;149.0;21
115800;SUBMISSION;;VEV_5100;XIREC;148.0;20
115900;SUBMISSION;;VEV_5100;XIREC;147.0;33
116000;SUBMISSION;;VEV_5100;XIREC;147.0;6
116000;SUBMISSION;;VEV_5100;XIREC;148.0;21
116000;;;VEV_4000;XIREC;1206.0;1
116100;SUBMISSION;;VEV_5100;XIREC;148.0;19
116200;SUBMISSION;;VEV_5100;XIREC;148.0;24
116300;SUBMISSION;;HYDROGEL_PACK;XIREC;9930.0;2
116300;SUBMISSION;;VEV_5100;XIREC;148.0;22
116300;;;HYDROGEL_PACK;XIREC;9929.0;3
116400;SUBMISSION;;VEV_5100;XIREC;148.0;2
117700;;;VELVETFRUIT_EXTRACT;XIREC;5223.0;8
120900;;;VELVETFRUIT_EXTRACT;XIREC;5219.0;5
121500;;;VEV_4000;XIREC;1233.0;2
122600;;;VEV_4000;XIREC;1242.0;2
123200;;;VELVETFRUIT_EXTRACT;XIREC;5230.0;5
125000;;;HYDROGEL_PACK;XIREC;9972.0;4
125700;;;VEV_5300;XIREC;45.0;4
125700;;;VEV_5500;XIREC;7.0;4
125700;;;VEV_6000;XIREC;0.0;4
125700;;;VEV_6500;XIREC;0.0;4
127700;;;VELVETFRUIT_EXTRACT;XIREC;5241.0;8
128500;SUBMISSION;;HYDROGEL_PACK;XIREC;9956.0;1
128500;;;HYDROGEL_PACK;XIREC;9955.0;4
130400;;;VEV_4000;XIREC;1250.0;2
130800;;;VEV_4000;XIREC;1228.0;1
132000;SUBMISSION;;HYDROGEL_PACK;XIREC;9951.0;1
132000;;;HYDROGEL_PACK;XIREC;9950.0;2
132900;;;HYDROGEL_PACK;XIREC;9956.0;2
133600;;;HYDROGEL_PACK;XIREC;9970.0;5
134400;;;VEV_4000;XIREC;1231.0;2
136700;;;VELVETFRUIT_EXTRACT;XIREC;5239.0;3
136800;;;HYDROGEL_PACK;XIREC;9955.0;5
140500;;;VEV_4000;XIREC;1239.0;3
140800;;;VELVETFRUIT_EXTRACT;XIREC;5234.0;7
141700;;;HYDROGEL_PACK;XIREC;9939.0;2
141700;;;VELVETFRUIT_EXTRACT;XIREC;5234.0;6
142400;;;VELVETFRUIT_EXTRACT;XIREC;5231.0;5
143600;;;HYDROGEL_PACK;XIREC;9949.0;4
144100;;;VELVETFRUIT_EXTRACT;XIREC;5227.0;7
144500;;;HYDROGEL_PACK;XIREC;9966.0;3
145100;;;VELVETFRUIT_EXTRACT;XIREC;5228.0;5
148100;;;VELVETFRUIT_EXTRACT;XIREC;5223.0;3
148500;;;VEV_4000;XIREC;1236.0;3
148700;;;VELVETFRUIT_EXTRACT;XIREC;5223.0;8
150500;;;VEV_4000;XIREC;1220.0;2
152200;;;VELVETFRUIT_EXTRACT;XIREC;5237.0;3
152400;;;VELVETFRUIT_EXTRACT;XIREC;5231.0;3
153400;;;HYDROGEL_PACK;XIREC;9964.0;4
155200;;;HYDROGEL_PACK;XIREC;9991.0;5
155600;;;VEV_4000;XIREC;1253.0;2
156600;;;VELVETFRUIT_EXTRACT;XIREC;5244.0;4
157400;;;VEV_5300;XIREC;47.0;2
157400;;;VEV_5500;XIREC;7.0;2
157400;;;VEV_6000;XIREC;0.0;2
157400;;;VEV_6500;XIREC;0.0;2
158100;;;HYDROGEL_PACK;XIREC;9974.0;5
159000;;;VELVETFRUIT_EXTRACT;XIREC;5249.0;6
159300;;;HYDROGEL_PACK;XIREC;9969.0;2
160800;;;VEV_5500;XIREC;8.0;4
160800;;;VEV_6000;XIREC;0.0;4
160800;;;VEV_6500;XIREC;0.0;4
162500;;;VEV_4000;XIREC;1242.0;1
163300;;;HYDROGEL_PACK;XIREC;9977.0;3
164600;;;HYDROGEL_PACK;XIREC;9962.0;3
166000;;;VEV_4000;XIREC;1239.0;2
169000;;;HYDROGEL_PACK;XIREC;9953.0;3
169400;;;VELVETFRUIT_EXTRACT;XIREC;5253.0;6
169900;;;VEV_5400;XIREC;22.0;5
169900;;;VEV_6000;XIREC;0.0;5
169900;;;VEV_6500;XIREC;0.0;5
171500;;;HYDROGEL_PACK;XIREC;9982.0;5
172800;;;VELVETFRUIT_EXTRACT;XIREC;5252.0;3
173200;;;VELVETFRUIT_EXTRACT;XIREC;5253.0;5
173700;;;VEV_5500;XIREC;8.0;2
173700;;;VEV_6000;XIREC;0.0;2
173700;;;VEV_6500;XIREC;0.0;2
173900;;;VELVETFRUIT_EXTRACT;XIREC;5245.0;5
175300;;;HYDROGEL_PACK;XIREC;9969.0;6
176000;;;VEV_5400;XIREC;19.0;3
176000;;;VEV_5500;XIREC;7.0;3
176000;;;VEV_6000;XIREC;0.0;3
176000;;;VEV_6500;XIREC;0.0;3
177200;;;VEV_5400;XIREC;19.0;2
177200;;;VEV_6000;XIREC;0.0;2
177200;;;VEV_6500;XIREC;0.0;2
178100;;;HYDROGEL_PACK;XIREC;9958.0;2
178300;;;VELVETFRUIT_EXTRACT;XIREC;5239.0;6
178800;;;VELVETFRUIT_EXTRACT;XIREC;5237.0;5
179500;;;VELVETFRUIT_EXTRACT;XIREC;5236.0;3
181700;;;VEV_5300;XIREC;45.0;4
181700;;;VEV_5400;XIREC;18.0;4
181700;;;VEV_5500;XIREC;7.0;4
181700;;;VEV_6000;XIREC;0.0;4
181700;;;VEV_6500;XIREC;0.0;4
181900;;;HYDROGEL_PACK;XIREC;9980.0;3
182400;;;HYDROGEL_PACK;XIREC;9977.0;5
183300;;;HYDROGEL_PACK;XIREC;9973.0;4
184900;;;VEV_5300;XIREC;45.0;2
184900;;;VEV_5400;XIREC;18.0;2
184900;;;VEV_5500;XIREC;7.0;2
184900;;;VEV_6000;XIREC;0.0;2
184900;;;VEV_6500;XIREC;0.0;2
185800;;;HYDROGEL_PACK;XIREC;9961.0;6
186600;;;VEV_5300;XIREC;46.0;3
186600;;;VEV_5500;XIREC;7.0;3
186600;;;VEV_6000;XIREC;0.0;3
186600;;;VEV_6500;XIREC;0.0;3
190100;;;VEV_5300;XIREC;45.0;4
190100;;;VEV_5400;XIREC;18.0;4
190100;;;VEV_5500;XIREC;7.0;4
190100;;;VEV_6000;XIREC;0.0;4
190100;;;VEV_6500;XIREC;0.0;4
190500;;;VEV_4000;XIREC;1224.0;2
190600;;;HYDROGEL_PACK;XIREC;9943.0;6
193000;;;VEV_5300;XIREC;43.0;2
193000;;;VEV_5400;XIREC;17.0;2
193000;;;VEV_5500;XIREC;6.0;2
193000;;;VEV_6000;XIREC;0.0;2
193000;;;VEV_6500;XIREC;0.0;2
195800;;;VELVETFRUIT_EXTRACT;XIREC;5234.0;8
196500;;;VELVETFRUIT_EXTRACT;XIREC;5227.0;7
196600;;;HYDROGEL_PACK;XIREC;9953.0;3
197000;;;HYDROGEL_PACK;XIREC;9967.0;6
198200;;;VEV_5300;XIREC;42.0;5
198200;;;VEV_5400;XIREC;16.0;5
198200;;;VEV_5500;XIREC;6.0;5
198200;;;VEV_6000;XIREC;0.0;5
198200;;;VEV_6500;XIREC;0.0;5
199300;;;VELVETFRUIT_EXTRACT;XIREC;5233.0;7
199700;;;VELVETFRUIT_EXTRACT;XIREC;5227.0;4
200700;;;VELVETFRUIT_EXTRACT;XIREC;5235.0;7
201900;;;VELVETFRUIT_EXTRACT;XIREC;5230.0;4
202500;;;VELVETFRUIT_EXTRACT;XIREC;5233.0;6
203600;;;VELVETFRUIT_EXTRACT;XIREC;5229.0;10
203900;;;HYDROGEL_PACK;XIREC;9978.0;6
206200;;;HYDROGEL_PACK;XIREC;9983.0;5
206700;;;HYDROGEL_PACK;XIREC;9962.0;5
207200;;;HYDROGEL_PACK;XIREC;9962.0;4
207600;;;HYDROGEL_PACK;XIREC;9980.0;6
209000;;;HYDROGEL_PACK;XIREC;9989.0;5
209400;;;VELVETFRUIT_EXTRACT;XIREC;5231.0;5
210700;;;VELVETFRUIT_EXTRACT;XIREC;5238.0;6
212100;;;VEV_4000;XIREC;1234.0;2
212900;;;VEV_5400;XIREC;15.0;2
212900;;;VEV_5500;XIREC;6.0;2
212900;;;VEV_6000;XIREC;0.0;2
212900;;;VEV_6500;XIREC;0.0;2
213000;;;VEV_4000;XIREC;1209.0;1
213100;;;VELVETFRUIT_EXTRACT;XIREC;5224.0;6
213600;;;VELVETFRUIT_EXTRACT;XIREC;5221.0;13
215700;;;VEV_4000;XIREC;1233.0;3
216000;;;VELVETFRUIT_EXTRACT;XIREC;5222.0;3
216100;;;VELVETFRUIT_EXTRACT;XIREC;5226.0;4
216600;;;VELVETFRUIT_EXTRACT;XIREC;5222.0;7
217200;;;VELVETFRUIT_EXTRACT;XIREC;5227.0;4
218800;;;HYDROGEL_PACK;XIREC;9986.0;4
219600;;;VEV_4000;XIREC;1216.0;2
220100;;;VEV_5200;XIREC;84.0;5
220100;;;VEV_5400;XIREC;16.0;5
220100;;;VEV_5500;XIREC;6.0;5
220100;;;VEV_6000;XIREC;0.0;5
220100;;;VEV_6500;XIREC;0.0;5
221500;;;HYDROGEL_PACK;XIREC;9986.0;3
222700;;;HYDROGEL_PACK;XIREC;10002.0;6
222700;;;VEV_4000;XIREC;1217.0;1
225900;;;VELVETFRUIT_EXTRACT;XIREC;5235.0;5
227000;;;VEV_4000;XIREC;1223.0;3
227300;;;VELVETFRUIT_EXTRACT;XIREC;5231.0;13
227800;;;VELVETFRUIT_EXTRACT;XIREC;5239.0;6
229700;;;VELVETFRUIT_EXTRACT;XIREC;5237.0;7
230000;;;VEV_5400;XIREC;17.0;5
230000;;;VEV_5500;XIREC;7.0;5
230000;;;VEV_6000;XIREC;0.0;5
230000;;;VEV_6500;XIREC;0.0;5
231000;;;VELVETFRUIT_EXTRACT;XIREC;5235.0;8
231000;;;VEV_5400;XIREC;17.0;3
231000;;;VEV_5500;XIREC;7.0;3
231000;;;VEV_6000;XIREC;0.0;3
231000;;;VEV_6500;XIREC;0.0;3
231900;;;VEV_4000;XIREC;1227.0;2
232700;;;VELVETFRUIT_EXTRACT;XIREC;5234.0;3
234200;;;HYDROGEL_PACK;XIREC;9976.0;6
235100;;;VEV_5300;XIREC;46.0;3
235100;;;VEV_5400;XIREC;18.0;3
235100;;;VEV_5500;XIREC;7.0;3
235100;;;VEV_6000;XIREC;0.0;3
235100;;;VEV_6500;XIREC;0.0;3
235900;;;VELVETFRUIT_EXTRACT;XIREC;5231.0;8
237800;;;VEV_4000;XIREC;1241.0;3
238700;;;VELVETFRUIT_EXTRACT;XIREC;5233.0;6
239200;;;VELVETFRUIT_EXTRACT;XIREC;5229.0;5
240700;;;HYDROGEL_PACK;XIREC;9963.0;4
242100;;;VELVETFRUIT_EXTRACT;XIREC;5237.0;3
243200;;;VEV_4000;XIREC;1249.0;3
243300;;;HYDROGEL_PACK;XIREC;9977.0;2
244000;;;VEV_4000;XIREC;1230.0;3
246000;;;VEV_4000;XIREC;1235.0;3
247100;;;HYDROGEL_PACK;XIREC;9971.0;5
247200;;;VEV_4000;XIREC;1233.0;3
247800;;;HYDROGEL_PACK;XIREC;9952.0;4
248500;;;VELVETFRUIT_EXTRACT;XIREC;5241.0;8
248700;;;HYDROGEL_PACK;XIREC;9966.0;3
250200;;;VELVETFRUIT_EXTRACT;XIREC;5244.0;7
251800;;;VELVETFRUIT_EXTRACT;XIREC;5249.0;4
253100;;;VEV_4000;XIREC;1238.0;2
256100;;;HYDROGEL_PACK;XIREC;9969.0;5
256100;;;VELVETFRUIT_EXTRACT;XIREC;5243.0;4
256500;;;VEV_5500;XIREC;7.0;4
256500;;;VEV_6000;XIREC;0.0;4
256500;;;VEV_6500;XIREC;0.0;4
257100;;;VELVETFRUIT_EXTRACT;XIREC;5245.0;7
257800;;;VEV_5500;XIREC;7.0;4
257800;;;VEV_6000;XIREC;0.0;4
257800;;;VEV_6500;XIREC;0.0;4
260100;;;HYDROGEL_PACK;XIREC;9999.0;2
260200;;;VELVETFRUIT_EXTRACT;XIREC;5235.0;3
261500;;SUBMISSION;HYDROGEL_PACK;XIREC;10008.0;5
261600;;SUBMISSION;HYDROGEL_PACK;XIREC;10001.0;10
262300;;;VEV_4000;XIREC;1234.0;3
263400;;;VEV_5300;XIREC;47.0;2
263400;;;VEV_5400;XIREC;18.0;2
263400;;;VEV_5500;XIREC;7.0;2
263400;;;VEV_6000;XIREC;0.0;2
263400;;;VEV_6500;XIREC;0.0;2
263700;SUBMISSION;;HYDROGEL_PACK;XIREC;9990.0;3
265200;;;VELVETFRUIT_EXTRACT;XIREC;5241.0;8
265500;;;VELVETFRUIT_EXTRACT;XIREC;5241.0;6
265900;;;VELVETFRUIT_EXTRACT;XIREC;5242.0;8
266000;;;VELVETFRUIT_EXTRACT;XIREC;5241.0;8
266500;;;VEV_4000;XIREC;1257.0;2
266800;SUBMISSION;;HYDROGEL_PACK;XIREC;9994.0;2
266800;;;HYDROGEL_PACK;XIREC;9993.0;4
267500;;;VELVETFRUIT_EXTRACT;XIREC;5238.0;8
270900;;;VELVETFRUIT_EXTRACT;XIREC;5242.0;8
271900;;;VEV_4000;XIREC;1253.0;2
273500;;;HYDROGEL_PACK;XIREC;9995.0;4
273500;;;VEV_4000;XIREC;1237.0;3
273700;;;VELVETFRUIT_EXTRACT;XIREC;5251.0;3
275700;;;VEV_4000;XIREC;1259.0;3
277200;;;VELVETFRUIT_EXTRACT;XIREC;5254.0;6
277200;;;VEV_5400;XIREC;20.0;3
277200;;;VEV_5500;XIREC;8.0;3
277200;;;VEV_6000;XIREC;0.0;3
277200;;;VEV_6500;XIREC;0.0;3
278200;;;HYDROGEL_PACK;XIREC;9997.0;5
278600;SUBMISSION;;HYDROGEL_PACK;XIREC;9992.0;2
278600;;;HYDROGEL_PACK;XIREC;9991.0;2
280000;;;HYDROGEL_PACK;XIREC;9991.0;3
280600;;;VELVETFRUIT_EXTRACT;XIREC;5238.0;8
281300;;;VELVETFRUIT_EXTRACT;XIREC;5242.0;8
281500;SUBMISSION;;HYDROGEL_PACK;XIREC;9974.0;3
281500;;;HYDROGEL_PACK;XIREC;9973.0;2
281700;;;VEV_4000;XIREC;1232.0;3
282600;;;VELVETFRUIT_EXTRACT;XIREC;5243.0;7
283800;;;HYDROGEL_PACK;XIREC;9990.0;2
284700;;;HYDROGEL_PACK;XIREC;9979.0;2
286800;;;VELVETFRUIT_EXTRACT;XIREC;5232.0;6
286800;;;VEV_4000;XIREC;1245.0;3
287600;;;HYDROGEL_PACK;XIREC;9980.0;6
287700;;;HYDROGEL_PACK;XIREC;9984.0;3
289500;;;VELVETFRUIT_EXTRACT;XIREC;5250.0;7
290600;SUBMISSION;;HYDROGEL_PACK;XIREC;9982.0;2
290700;;;VEV_5500;XIREC;8.0;5
290700;;;VEV_6000;XIREC;0.0;5
290700;;;VEV_6500;XIREC;0.0;5
290800;;;HYDROGEL_PACK;XIREC;9998.0;5
291200;;;VELVETFRUIT_EXTRACT;XIREC;5237.0;7
292400;;;VELVETFRUIT_EXTRACT;XIREC;5245.0;6
292800;;;VEV_5400;XIREC;19.0;3
292800;;;VEV_5500;XIREC;8.0;3
292800;;;VEV_6000;XIREC;0.0;3
292800;;;VEV_6500;XIREC;0.0;3
293200;;;VELVETFRUIT_EXTRACT;XIREC;5242.0;7
294900;;SUBMISSION;HYDROGEL_PACK;XIREC;10005.0;6
296600;;;VEV_4000;XIREC;1239.0;3
297300;;;VELVETFRUIT_EXTRACT;XIREC;5245.0;3
297600;;;VELVETFRUIT_EXTRACT;XIREC;5245.0;8
297800;;;VELVETFRUIT_EXTRACT;XIREC;5251.0;5
298700;;;HYDROGEL_PACK;XIREC;10003.0;4
299300;;SUBMISSION;HYDROGEL_PACK;XIREC;10012.0;2
299600;;SUBMISSION;HYDROGEL_PACK;XIREC;10009.0;4
299700;;SUBMISSION;HYDROGEL_PACK;XIREC;10009.0;4
299800;;SUBMISSION;HYDROGEL_PACK;XIREC;10008.0;2
301900;;SUBMISSION;VEV_5200;XIREC;103.0;7
301900;;SUBMISSION;VEV_5200;XIREC;102.0;13
302000;;SUBMISSION;VEV_5200;XIREC;103.0;22
302100;;SUBMISSION;VEV_5100;XIREC;177.0;11
302100;;SUBMISSION;VEV_5100;XIREC;176.0;24
302100;;SUBMISSION;VEV_5200;XIREC;104.0;35
302200;;SUBMISSION;VEV_5100;XIREC;176.0;22
302200;;SUBMISSION;VEV_5200;XIREC;104.0;8
302200;;SUBMISSION;VEV_5200;XIREC;103.0;14
302300;;SUBMISSION;VEV_5100;XIREC;176.0;22
302300;;SUBMISSION;VEV_5200;XIREC;104.0;10
302300;;SUBMISSION;VEV_5200;XIREC;103.0;12
302400;;SUBMISSION;VEV_5200;XIREC;102.0;23
302500;;SUBMISSION;VEV_5200;XIREC;103.0;32
302600;;SUBMISSION;VEV_5200;XIREC;103.0;25
302700;;SUBMISSION;VEV_5100;XIREC;176.0;32
302700;;SUBMISSION;VEV_5200;XIREC;103.0;32
302800;;SUBMISSION;VEV_5100;XIREC;176.0;25
302800;;SUBMISSION;VEV_5200;XIREC;104.0;7
302800;;SUBMISSION;VEV_5200;XIREC;103.0;18
302900;;SUBMISSION;VEV_5100;XIREC;176.0;19
302900;;SUBMISSION;VEV_5200;XIREC;103.0;19
303000;;SUBMISSION;VEV_5100;XIREC;176.0;27
303000;;SUBMISSION;VEV_5200;XIREC;103.0;23
303300;;SUBMISSION;VEV_5100;XIREC;176.0;30
304100;;;VEV_4000;XIREC;1244.0;1
304400;;SUBMISSION;HYDROGEL_PACK;XIREC;10010.0;1
304600;;SUBMISSION;HYDROGEL_PACK;XIREC;10007.0;3
304700;;SUBMISSION;HYDROGEL_PACK;XIREC;10009.0;7
304700;;;VELVETFRUIT_EXTRACT;XIREC;5255.0;4
304800;;SUBMISSION;HYDROGEL_PACK;XIREC;10007.0;3
305700;;;VELVETFRUIT_EXTRACT;XIREC;5252.0;8
305800;;SUBMISSION;HYDROGEL_PACK;XIREC;10019.0;2
306100;;SUBMISSION;HYDROGEL_PACK;XIREC;10007.0;3
306200;;SUBMISSION;HYDROGEL_PACK;XIREC;10006.0;1
306300;;SUBMISSION;HYDROGEL_PACK;XIREC;10010.0;10
306400;;SUBMISSION;HYDROGEL_PACK;XIREC;10009.0;8
306500;;SUBMISSION;HYDROGEL_PACK;XIREC;10011.0;11
306500;;SUBMISSION;HYDROGEL_PACK;XIREC;10008.0;2
306600;;SUBMISSION;HYDROGEL_PACK;XIREC;10011.0;10
306600;;SUBMISSION;HYDROGEL_PACK;XIREC;10008.0;3
306700;;SUBMISSION;HYDROGEL_PACK;XIREC;10012.0;10
306700;;SUBMISSION;HYDROGEL_PACK;XIREC;10009.0;5
306800;;SUBMISSION;HYDROGEL_PACK;XIREC;10011.0;12
306800;;SUBMISSION;HYDROGEL_PACK;XIREC;10009.0;1
306900;;SUBMISSION;HYDROGEL_PACK;XIREC;10009.0;8
307000;;SUBMISSION;HYDROGEL_PACK;XIREC;10011.0;10
307000;;SUBMISSION;HYDROGEL_PACK;XIREC;10009.0;3
307100;;SUBMISSION;HYDROGEL_PACK;XIREC;10012.0;11
307100;;SUBMISSION;HYDROGEL_PACK;XIREC;10010.0;4
307200;;SUBMISSION;HYDROGEL_PACK;XIREC;10011.0;13
307300;;SUBMISSION;HYDROGEL_PACK;XIREC;10009.0;8
307400;;SUBMISSION;HYDROGEL_PACK;XIREC;10007.0;3
307500;;SUBMISSION;HYDROGEL_PACK;XIREC;10010.0;10
307600;;SUBMISSION;HYDROGEL_PACK;XIREC;10014.0;11
307600;;SUBMISSION;HYDROGEL_PACK;XIREC;10011.0;9
307700;;SUBMISSION;HYDROGEL_PACK;XIREC;10014.0;10
307700;;SUBMISSION;HYDROGEL_PACK;XIREC;10011.0;10
307800;;SUBMISSION;HYDROGEL_PACK;XIREC;10016.0;15
307800;;SUBMISSION;HYDROGEL_PACK;XIREC;10014.0;9
307900;;SUBMISSION;HYDROGEL_PACK;XIREC;10015.0;11
307900;;SUBMISSION;HYDROGEL_PACK;XIREC;10012.0;11
308000;;SUBMISSION;HYDROGEL_PACK;XIREC;10015.0;10
308000;;SUBMISSION;HYDROGEL_PACK;XIREC;10012.0;12
308100;;SUBMISSION;HYDROGEL_PACK;XIREC;10017.0;12
308100;;SUBMISSION;HYDROGEL_PACK;XIREC;10014.0;14
308200;;SUBMISSION;HYDROGEL_PACK;XIREC;10015.0;8
308500;;SUBMISSION;HYDROGEL_PACK;XIREC;10016.0;3
309900;;SUBMISSION;HYDROGEL_PACK;XIREC;10021.0;3
310000;;;VELVETFRUIT_EXTRACT;XIREC;5253.0;3
310200;;;HYDROGEL_PACK;XIREC;10016.0;2
310400;;SUBMISSION;HYDROGEL_PACK;XIREC;10018.0;1
311200;;SUBMISSION;VEV_5100;XIREC;176.0;18
311300;;SUBMISSION;VEV_5100;XIREC;176.0;30
311500;;SUBMISSION;HYDROGEL_PACK;XIREC;10026.0;5
313000;;SUBMISSION;VEV_5100;XIREC;177.0;10
313000;;SUBMISSION;VEV_5100;XIREC;176.0;13
313000;;;VEV_4000;XIREC;1248.0;2
313100;;SUBMISSION;VEV_5100;XIREC;177.0;20
313200;;SUBMISSION;VEV_5100;XIREC;179.0;22
313300;;SUBMISSION;VEV_5100;XIREC;180.0;6
313300;;SUBMISSION;VEV_5100;XIREC;179.0;12
313400;;SUBMISSION;HYDROGEL_PACK;XIREC;10022.0;5
313400;;SUBMISSION;VEV_5100;XIREC;179.0;36
313500;;SUBMISSION;VEV_5100;XIREC;179.0;27
313600;;SUBMISSION;VEV_5100;XIREC;179.0;24
313700;;SUBMISSION;VEV_5000;XIREC;265.0;27
313700;;SUBMISSION;VEV_5100;XIREC;180.0;27
313800;;SUBMISSION;VEV_5000;XIREC;265.0;24
313800;;SUBMISSION;VEV_5100;XIREC;180.0;24
313900;;SUBMISSION;VEV_5100;XIREC;179.0;22
314000;;SUBMISSION;VEV_5100;XIREC;179.0;29
314100;;SUBMISSION;VEV_5100;XIREC;179.0;11
314100;;SUBMISSION;VEV_5100;XIREC;178.0;20
314200;;SUBMISSION;VEV_5100;XIREC;179.0;7
314200;;SUBMISSION;VEV_5100;XIREC;178.0;21
314300;;SUBMISSION;VEV_5100;XIREC;178.0;9
315300;;SUBMISSION;HYDROGEL_PACK;XIREC;10008.0;1
316700;;;VEV_5400;XIREC;22.0;5
316700;;;VEV_5500;XIREC;9.0;5
316700;;;VEV_6000;XIREC;0.0;5
316700;;;VEV_6500;XIREC;0.0;5
316800;;SUBMISSION;VEV_5000;XIREC;266.0;6
316800;;SUBMISSION;VEV_5000;XIREC;265.0;23
316900;;SUBMISSION;VELVETFRUIT_EXTRACT;XIREC;5262.0;17
316900;;SUBMISSION;VELVETFRUIT_EXTRACT;XIREC;5261.0;33
316900;;SUBMISSION;VEV_4000;XIREC;1254.0;15
316900;;SUBMISSION;VEV_4000;XIREC;1251.0;27
316900;;SUBMISSION;VEV_4500;XIREC;756.0;6
316900;;SUBMISSION;VEV_4500;XIREC;754.0;24
316900;;SUBMISSION;VEV_5000;XIREC;267.0;6
316900;;SUBMISSION;VEV_5000;XIREC;266.0;24
317000;;SUBMISSION;VELVETFRUIT_EXTRACT;XIREC;5262.0;16
317000;;SUBMISSION;VELVETFRUIT_EXTRACT;XIREC;5261.0;31
317000;;SUBMISSION;VEV_4000;XIREC;1254.0;14
317000;;SUBMISSION;VEV_4000;XIREC;1251.0;29
317000;;SUBMISSION;VEV_4500;XIREC;756.0;6
317000;;SUBMISSION;VEV_4500;XIREC;755.0;15
317000;;SUBMISSION;VEV_5000;XIREC;267.0;6
317000;;SUBMISSION;VEV_5000;XIREC;266.0;15
317100;;SUBMISSION;VELVETFRUIT_EXTRACT;XIREC;5262.0;50
317100;;SUBMISSION;VEV_4000;XIREC;1254.0;13
317100;;SUBMISSION;VEV_4000;XIREC;1252.0;16
317100;;SUBMISSION;VEV_4500;XIREC;757.0;7
317100;;SUBMISSION;VEV_4500;XIREC;755.0;15
317100;;SUBMISSION;VEV_5000;XIREC;267.0;7
317100;;SUBMISSION;VEV_5000;XIREC;266.0;15
317200;;SUBMISSION;VEV_4000;XIREC;1254.0;15
317200;;SUBMISSION;VEV_4000;XIREC;1252.0;27
317200;;SUBMISSION;VEV_4500;XIREC;757.0;6
317200;;SUBMISSION;VEV_4500;XIREC;755.0;15
317200;;SUBMISSION;VEV_5000;XIREC;267.0;21
317300;;SUBMISSION;VELVETFRUIT_EXTRACT;XIREC;5262.0;50
317300;;SUBMISSION;VEV_4000;XIREC;1254.0;12
317300;;SUBMISSION;VEV_4000;XIREC;1252.0;21
317300;;SUBMISSION;VEV_4500;XIREC;757.0;6
317300;;SUBMISSION;VEV_4500;XIREC;755.0;19
317300;;SUBMISSION;VEV_5000;XIREC;267.0;6
317300;;SUBMISSION;VEV_5000;XIREC;266.0;19
317400;;SUBMISSION;VELVETFRUIT_EXTRACT;XIREC;5262.0;50
317400;;SUBMISSION;VEV_4000;XIREC;1254.0;13
317400;;SUBMISSION;VEV_4000;XIREC;1252.0;17
317400;;SUBMISSION;VEV_4500;XIREC;757.0;10
317400;;SUBMISSION;VEV_4500;XIREC;755.0;13
317400;;SUBMISSION;VEV_5000;XIREC;267.0;10
317400;;SUBMISSION;VEV_5000;XIREC;266.0;13
317500;;SUBMISSION;VELVETFRUIT_EXTRACT;XIREC;5263.0;20
317500;;SUBMISSION;VELVETFRUIT_EXTRACT;XIREC;5262.0;30
317500;;SUBMISSION;VEV_4000;XIREC;1255.0;12
317500;;SUBMISSION;VEV_4000;XIREC;1252.0;21
317500;;SUBMISSION;VEV_4500;XIREC;757.0;7
317500;;SUBMISSION;VEV_4500;XIREC;755.0;12
317500;;SUBMISSION;VEV_5000;XIREC;268.0;7
317500;;SUBMISSION;VEV_5000;XIREC;267.0;12
317600;;;VEV_5400;XIREC;22.0;2
317600;;;VEV_5500;XIREC;9.0;2
317600;;;VEV_6000;XIREC;0.0;2
317600;;;VEV_6500;XIREC;0.0;2
317700;;SUBMISSION;VEV_5000;XIREC;266.0;7
317700;;SUBMISSION;VEV_5000;XIREC;265.0;18
317800;;SUBMISSION;VELVETFRUIT_EXTRACT;XIREC;5263.0;5
317800;;SUBMISSION;VELVETFRUIT_EXTRACT;XIREC;5261.0;45
317800;;SUBMISSION;VEV_5000;XIREC;266.0;9
317800;;SUBMISSION;VEV_5000;XIREC;265.0;15
317900;;SUBMISSION;VELVETFRUIT_EXTRACT;XIREC;5262.0;20
317900;;SUBMISSION;VELVETFRUIT_EXTRACT;XIREC;5261.0;30
317900;;SUBMISSION;VEV_4000;XIREC;1254.0;7
317900;;SUBMISSION;VEV_4000;XIREC;1251.0;20
317900;;SUBMISSION;VEV_4500;XIREC;756.0;9
317900;;SUBMISSION;VEV_4500;XIREC;754.0;18
317900;;SUBMISSION;VEV_5000;XIREC;267.0;9
317900;;SUBMISSION;VEV_5000;XIREC;266.0;18
318000;;SUBMISSION;VEV_5000;XIREC;266.0;12
318000;;SUBMISSION;VEV_5000;XIREC;265.0;20
318100;;SUBMISSION;VELVETFRUIT_EXTRACT;XIREC;5262.0;3
318100;;SUBMISSION;VEV_4000;XIREC;1254.0;9
318100;;SUBMISSION;VEV_4000;XIREC;1251.0;17
318100;;SUBMISSION;VEV_4500;XIREC;756.0;9
318100;;SUBMISSION;VEV_4500;XIREC;754.0;19
318100;;SUBMISSION;VEV_5000;XIREC;267.0;9
318100;;SUBMISSION;VEV_5000;XIREC;266.0;19
318200;;SUBMISSION;VEV_5000;XIREC;266.0;30
318300;;SUBMISSION;VEV_5000;XIREC;266.0;7
318300;;SUBMISSION;VEV_5000;XIREC;265.0;16
318400;;SUBMISSION;VEV_4000;XIREC;1255.0;13
318400;;SUBMISSION;VEV_4000;XIREC;1252.0;24
318400;;SUBMISSION;VEV_4500;XIREC;757.0;6
318400;;SUBMISSION;VEV_4500;XIREC;755.0;14
318400;;SUBMISSION;VEV_5000;XIREC;267.0;20
318500;;SUBMISSION;VEV_4000;XIREC;1255.0;12
318500;;SUBMISSION;VEV_4000;XIREC;1252.0;16
318500;;SUBMISSION;VEV_4500;XIREC;757.0;7
318500;;SUBMISSION;VEV_4500;XIREC;755.0;16
318500;;SUBMISSION;VEV_5000;XIREC;267.0;23
318600;;SUBMISSION;VEV_4000;XIREC;1256.0;8
318600;;SUBMISSION;VEV_4000;XIREC;1254.0;30
318600;;SUBMISSION;VEV_4500;XIREC;759.0;8
318600;;SUBMISSION;VEV_4500;XIREC;757.0;17
318600;;SUBMISSION;VEV_5000;XIREC;269.0;8
318600;;SUBMISSION;VEV_5000;XIREC;268.0;17
318700;;SUBMISSION;VEV_4000;XIREC;1256.0;14
318700;;SUBMISSION;VEV_4000;XIREC;1254.0;23
318700;;SUBMISSION;VEV_4500;XIREC;759.0;11
318700;;SUBMISSION;VEV_4500;XIREC;757.0;17
318700;;SUBMISSION;VEV_5000;XIREC;269.0;11
318700;;SUBMISSION;VEV_5000;XIREC;268.0;17
318700;;;HYDROGEL_PACK;XIREC;10014.0;6
318800;;SUBMISSION;VEV_4000;XIREC;1257.0;10
318800;;SUBMISSION;VEV_4000;XIREC;1254.0;17
318800;;SUBMISSION;VEV_4500;XIREC;759.0;7
318800;;SUBMISSION;VEV_4500;XIREC;757.0;17
318800;;SUBMISSION;VEV_5000;XIREC;269.0;24
318900;;SUBMISSION;VEV_4000;XIREC;1257.0;7
318900;;SUBMISSION;VEV_4000;XIREC;1255.0;26
318900;;SUBMISSION;VEV_4500;XIREC;760.0;11
318900;;SUBMISSION;VEV_4500;XIREC;758.0;14
318900;;SUBMISSION;VEV_5000;XIREC;270.0;11
318900;;SUBMISSION;VEV_5000;XIREC;269.0;14
319000;;SUBMISSION;VEV_4000;XIREC;1256.0;7
319000;;SUBMISSION;VEV_4000;XIREC;1253.0;25
319000;;SUBMISSION;VEV_4500;XIREC;758.0;8
319000;;SUBMISSION;VEV_4500;XIREC;756.0;23
319000;;SUBMISSION;VEV_5000;XIREC;268.0;25
319100;;SUBMISSION;VEV_4000;XIREC;1255.0;7
319100;;SUBMISSION;VEV_4000;XIREC;1252.0;21
319100;;SUBMISSION;VEV_4500;XIREC;757.0;9
319100;;SUBMISSION;VEV_4500;XIREC;756.0;24
319200;;SUBMISSION;VEV_4000;XIREC;1265.0;2
319200;;SUBMISSION;VEV_4000;XIREC;1255.0;13
319200;;SUBMISSION;VEV_4000;XIREC;1253.0;20
319200;;SUBMISSION;VEV_4500;XIREC;765.0;2
319200;;SUBMISSION;VEV_4500;XIREC;758.0;7
319200;;SUBMISSION;VEV_4500;XIREC;756.0;18
319300;;SUBMISSION;VEV_4500;XIREC;759.0;10
319300;;SUBMISSION;VEV_4500;XIREC;757.0;12
319400;;SUBMISSION;VEV_4500;XIREC;759.0;11
319400;;SUBMISSION;VEV_4500;XIREC;757.0;12
319500;;SUBMISSION;VEV_4500;XIREC;759.0;10
319500;;SUBMISSION;VEV_4500;XIREC;757.0;24
319600;;SUBMISSION;VEV_4500;XIREC;758.0;10
319600;;SUBMISSION;VEV_4500;XIREC;756.0;15
319700;;SUBMISSION;VEV_4500;XIREC;760.0;7
319700;;SUBMISSION;VEV_4500;XIREC;758.0;12
319800;;SUBMISSION;VEV_4500;XIREC;759.0;12
319800;;SUBMISSION;VEV_4500;XIREC;757.0;13
320300;;;VEV_4000;XIREC;1253.0;2
320700;;;VEV_4000;XIREC;1273.0;3
320900;;SUBMISSION;HYDROGEL_PACK;XIREC;10033.0;4
321200;;;HYDROGEL_PACK;XIREC;10009.0;4
321200;;;VELVETFRUIT_EXTRACT;XIREC;5257.0;10
322800;;;VEV_4000;XIREC;1250.0;1
323400;;;VELVETFRUIT_EXTRACT;XIREC;5258.0;12
323500;;;VEV_4000;XIREC;1247.0;3
323900;;;VELVETFRUIT_EXTRACT;XIREC;5258.0;7
324500;;SUBMISSION;HYDROGEL_PACK;XIREC;10026.0;3
327600;;;VELVETFRUIT_EXTRACT;XIREC;5269.0;3
328000;;SUBMISSION;HYDROGEL_PACK;XIREC;10029.0;1
328800;;;VEV_4000;XIREC;1256.0;3
329500;;;VELVETFRUIT_EXTRACT;XIREC;5266.0;10
329700;;;VELVETFRUIT_EXTRACT;XIREC;5265.0;3
330900;;SUBMISSION;HYDROGEL_PACK;XIREC;10039.0;3
331400;;;HYDROGEL_PACK;XIREC;10025.0;2
332300;;;VEV_5300;XIREC;58.0;4
332300;;;VEV_5500;XIREC;10.0;4
332300;;;VEV_6000;XIREC;0.0;4
332300;;;VEV_6500;XIREC;0.0;4
332700;;;HYDROGEL_PACK;XIREC;10030.0;6
335000;;SUBMISSION;HYDROGEL_PACK;XIREC;10046.0;5
335300;;SUBMISSION;HYDROGEL_PACK;XIREC;10047.0;4
335400;;SUBMISSION;HYDROGEL_PACK;XIREC;10047.0;4
335400;;;VELVETFRUIT_EXTRACT;XIREC;5266.0;8
336800;;;HYDROGEL_PACK;XIREC;10034.0;5
338000;;;VELVETFRUIT_EXTRACT;XIREC;5262.0;3
340000;;;HYDROGEL_PACK;XIREC;10028.0;6
345000;;;HYDROGEL_PACK;XIREC;10015.0;4
345100;;;VEV_4000;XIREC;1242.0;2
345400;;;VELVETFRUIT_EXTRACT;XIREC;5250.0;8
346300;;;VELVETFRUIT_EXTRACT;XIREC;5262.0;8
346400;;;VELVETFRUIT_EXTRACT;XIREC;5258.0;3
347400;;;VEV_4000;XIREC;1253.0;1
350700;;;VELVETFRUIT_EXTRACT;XIREC;5276.0;6
351100;;;VELVETFRUIT_EXTRACT;XIREC;5271.0;7
351800;;;VEV_4000;XIREC;1265.0;1
352700;;;VELVETFRUIT_EXTRACT;XIREC;5274.0;7
354000;;;VELVETFRUIT_EXTRACT;XIREC;5270.0;3
354400;;;VELVETFRUIT_EXTRACT;XIREC;5271.0;4
356200;;;VEV_4000;XIREC;1262.0;1
358200;SUBMISSION;;HYDROGEL_PACK;XIREC;9995.0;6
359500;;;VELVETFRUIT_EXTRACT;XIREC;5279.0;6
360000;;;VEV_6000;XIREC;0.0;4
360000;;;VEV_6500;XIREC;0.0;4
363700;;SUBMISSION;HYDROGEL_PACK;XIREC;10021.0;5
365100;;;VEV_4000;XIREC;1266.0;1
366300;;;VELVETFRUIT_EXTRACT;XIREC;5279.0;7
366900;;SUBMISSION;HYDROGEL_PACK;XIREC;10044.0;5
367000;;SUBMISSION;HYDROGEL_PACK;XIREC;10041.0;5
369300;;;VEV_4000;XIREC;1263.0;1
369900;;;VELVETFRUIT_EXTRACT;XIREC;5274.0;8
370400;;SUBMISSION;HYDROGEL_PACK;XIREC;10046.0;2
370600;;;HYDROGEL_PACK;XIREC;10031.0;4
372300;;;VELVETFRUIT_EXTRACT;XIREC;5279.0;9
373300;;SUBMISSION;HYDROGEL_PACK;XIREC;10053.0;2
374900;;;VELVETFRUIT_EXTRACT;XIREC;5287.0;3
374900;;;VEV_4000;XIREC;1295.0;1
376500;;;VELVETFRUIT_EXTRACT;XIREC;5287.0;3
376700;;;VELVETFRUIT_EXTRACT;XIREC;5286.0;8
378100;;;VEV_4000;XIREC;1267.0;3
380100;;;VEV_4000;XIREC;1280.0;1
380500;;;HYDROGEL_PACK;XIREC;10043.0;4
381200;;;VELVETFRUIT_EXTRACT;XIREC;5269.0;7
381400;;;HYDROGEL_PACK;XIREC;10035.0;4
383100;;;HYDROGEL_PACK;XIREC;10033.0;6
386500;;;VELVETFRUIT_EXTRACT;XIREC;5271.0;3
387500;;;VELVETFRUIT_EXTRACT;XIREC;5275.0;7
388000;;;VELVETFRUIT_EXTRACT;XIREC;5275.0;4
389600;;;VELVETFRUIT_EXTRACT;XIREC;5271.0;4
389800;;SUBMISSION;HYDROGEL_PACK;XIREC;10017.0;4
390400;;;HYDROGEL_PACK;XIREC;10003.0;6
392600;;;VELVETFRUIT_EXTRACT;XIREC;5266.0;8
394200;;;VELVETFRUIT_EXTRACT;XIREC;5261.0;7
394300;;;VEV_4000;XIREC;1272.0;2
395500;;;VELVETFRUIT_EXTRACT;XIREC;5261.0;3
396900;;;VELVETFRUIT_EXTRACT;XIREC;5263.0;10
397900;;;VELVETFRUIT_EXTRACT;XIREC;5260.0;6
399700;;;VELVETFRUIT_EXTRACT;XIREC;5259.0;6
402000;;SUBMISSION;HYDROGEL_PACK;XIREC;10015.0;4
402100;;;VEV_5400;XIREC;21.0;3
402100;;;VEV_5500;XIREC;9.0;3
402100;;;VEV_6000;XIREC;0.0;3
402100;;;VEV_6500;XIREC;0.0;3
404300;;;VELVETFRUIT_EXTRACT;XIREC;5260.0;8
405600;;;HYDROGEL_PACK;XIREC;9999.0;5
405800;;;VELVETFRUIT_EXTRACT;XIREC;5260.0;7
407400;;;VEV_4000;XIREC;1281.0;1
407800;;;VELVETFRUIT_EXTRACT;XIREC;5271.0;9
409600;SUBMISSION;;HYDROGEL_PACK;XIREC;9993.0;1
409600;;;VELVETFRUIT_EXTRACT;XIREC;5269.0;6
409700;SUBMISSION;;HYDROGEL_PACK;XIREC;9991.0;4
409800;SUBMISSION;;HYDROGEL_PACK;XIREC;9992.0;3
409900;SUBMISSION;;HYDROGEL_PACK;XIREC;9993.0;1
410000;SUBMISSION;;HYDROGEL_PACK;XIREC;9992.0;3
410100;SUBMISSION;;HYDROGEL_PACK;XIREC;9992.0;3
410300;SUBMISSION;;HYDROGEL_PACK;XIREC;9990.0;6
410400;SUBMISSION;;HYDROGEL_PACK;XIREC;9991.0;4
410500;SUBMISSION;;HYDROGEL_PACK;XIREC;9990.0;6
410500;;;HYDROGEL_PACK;XIREC;9990.0;3
410600;SUBMISSION;;HYDROGEL_PACK;XIREC;9989.0;8
410700;SUBMISSION;;HYDROGEL_PACK;XIREC;9986.0;11
410700;SUBMISSION;;HYDROGEL_PACK;XIREC;9988.0;2
410800;SUBMISSION;;HYDROGEL_PACK;XIREC;9983.0;15
410800;SUBMISSION;;HYDROGEL_PACK;XIREC;9986.0;3
410900;SUBMISSION;;HYDROGEL_PACK;XIREC;9986.0;13
411000;SUBMISSION;;HYDROGEL_PACK;XIREC;9987.0;10
411000;SUBMISSION;;HYDROGEL_PACK;XIREC;9990.0;1
411100;SUBMISSION;;HYDROGEL_PACK;XIREC;9988.0;9
411200;SUBMISSION;;HYDROGEL_PACK;XIREC;9985.0;14
411300;SUBMISSION;;HYDROGEL_PACK;XIREC;9986.0;12
411300;SUBMISSION;;HYDROGEL_PACK;XIREC;9989.0;1
411400;SUBMISSION;;HYDROGEL_PACK;XIREC;9987.0;11
411400;;;VEV_4000;XIREC;1281.0;1
411500;SUBMISSION;;HYDROGEL_PACK;XIREC;9991.0;4
411600;SUBMISSION;;HYDROGEL_PACK;XIREC;9989.0;8
411700;SUBMISSION;;HYDROGEL_PACK;XIREC;9990.0;6
411800;SUBMISSION;;HYDROGEL_PACK;XIREC;9987.0;10
411900;SUBMISSION;;HYDROGEL_PACK;XIREC;9987.0;10
411900;SUBMISSION;;HYDROGEL_PACK;XIREC;9990.0;1
412000;SUBMISSION;;HYDROGEL_PACK;XIREC;9986.0;13
412100;SUBMISSION;;HYDROGEL_PACK;XIREC;9985.0;14
412200;SUBMISSION;;HYDROGEL_PACK;XIREC;9987.0;11
412300;SUBMISSION;;HYDROGEL_PACK;XIREC;9987.0;11
412400;SUBMISSION;;HYDROGEL_PACK;XIREC;9984.0;11
412400;SUBMISSION;;HYDROGEL_PACK;XIREC;9987.0;5
412500;SUBMISSION;;HYDROGEL_PACK;XIREC;9986.0;10
412500;SUBMISSION;;HYDROGEL_PACK;XIREC;9989.0;3
412600;SUBMISSION;;HYDROGEL_PACK;XIREC;9985.0;13
412600;SUBMISSION;;HYDROGEL_PACK;XIREC;9987.0;1
412700;SUBMISSION;;HYDROGEL_PACK;XIREC;9982.0;14
412700;SUBMISSION;;HYDROGEL_PACK;XIREC;9984.0;5
412800;SUBMISSION;;HYDROGEL_PACK;XIREC;9982.0;10
412800;SUBMISSION;;HYDROGEL_PACK;XIREC;9984.0;9
412900;SUBMISSION;;HYDROGEL_PACK;XIREC;9982.0;2
414600;;;HYDROGEL_PACK;XIREC;9993.0;2
414800;;;VELVETFRUIT_EXTRACT;XIREC;5266.0;5
415300;SUBMISSION;;HYDROGEL_PACK;XIREC;9982.0;1
416000;SUBMISSION;;HYDROGEL_PACK;XIREC;9975.0;5
416400;SUBMISSION;;HYDROGEL_PACK;XIREC;9965.0;5
417000;;;HYDROGEL_PACK;XIREC;9978.0;6
417000;;;VELVETFRUIT_EXTRACT;XIREC;5264.0;9
417100;;;HYDROGEL_PACK;XIREC;9977.0;2
417300;SUBMISSION;;HYDROGEL_PACK;XIREC;9974.0;4
417500;SUBMISSION;;HYDROGEL_PACK;XIREC;9972.0;3
417500;;;VEV_4000;XIREC;1274.0;2
417700;SUBMISSION;;HYDROGEL_PACK;XIREC;9971.0;2
417800;SUBMISSION;;HYDROGEL_PACK;XIREC;9970.0;1
417900;SUBMISSION;;HYDROGEL_PACK;XIREC;9968.0;4
418000;SUBMISSION;;HYDROGEL_PACK;XIREC;9967.0;2
418100;SUBMISSION;;HYDROGEL_PACK;XIREC;9964.0;5
418200;SUBMISSION;;HYDROGEL_PACK;XIREC;9963.0;1
419500;;;VELVETFRUIT_EXTRACT;XIREC;5262.0;5
420400;;;VEV_5400;XIREC;21.0;3
420400;;;VEV_5500;XIREC;9.0;3
420400;;;VEV_6000;XIREC;0.0;3
420400;;;VEV_6500;XIREC;0.0;3
421200;;;VELVETFRUIT_EXTRACT;XIREC;5270.0;5
422900;;;HYDROGEL_PACK;XIREC;9977.0;4
423100;;;VELVETFRUIT_EXTRACT;XIREC;5264.0;6
425600;;;HYDROGEL_PACK;XIREC;9994.0;2
428200;;;VELVETFRUIT_EXTRACT;XIREC;5256.0;8
428300;;;HYDROGEL_PACK;XIREC;10001.0;5
429100;SUBMISSION;;HYDROGEL_PACK;XIREC;9980.0;3
429700;;;VELVETFRUIT_EXTRACT;XIREC;5249.0;8
430800;;;VELVETFRUIT_EXTRACT;XIREC;5252.0;4
431800;;;VEV_4000;XIREC;1260.0;1
432000;;;VELVETFRUIT_EXTRACT;XIREC;5249.0;8
433100;;;VELVETFRUIT_EXTRACT;XIREC;5246.0;9
433500;;;VELVETFRUIT_EXTRACT;XIREC;5248.0;3
435200;;;HYDROGEL_PACK;XIREC;9978.0;6
436500;;;HYDROGEL_PACK;XIREC;9985.0;3
436600;;;VELVETFRUIT_EXTRACT;XIREC;5249.0;8
437100;;;VELVETFRUIT_EXTRACT;XIREC;5245.0;5
440100;;;VELVETFRUIT_EXTRACT;XIREC;5248.0;4
442300;;;VELVETFRUIT_EXTRACT;XIREC;5244.0;7
443900;;;HYDROGEL_PACK;XIREC;9966.0;5
446300;;;HYDROGEL_PACK;XIREC;9960.0;3
446500;;;VEV_4000;XIREC;1240.0;1
447400;SUBMISSION;;HYDROGEL_PACK;XIREC;9945.0;5
447500;;;VEV_4000;XIREC;1261.0;3
447800;;;VEV_4000;XIREC;1240.0;3
447800;;;VEV_5300;XIREC;49.0;5
447800;;;VEV_5400;XIREC;18.0;5
447800;;;VEV_5500;XIREC;7.0;5
447800;;;VEV_6000;XIREC;0.0;5
447800;;;VEV_6500;XIREC;0.0;5
448000;;;HYDROGEL_PACK;XIREC;9951.0;4
448100;;;VEV_4000;XIREC;1240.0;2
448400;;;VELVETFRUIT_EXTRACT;XIREC;5253.0;7
449700;;;VEV_5400;XIREC;17.0;5
449700;;;VEV_5500;XIREC;7.0;5
449700;;;VEV_6000;XIREC;0.0;5
449700;;;VEV_6500;XIREC;0.0;5
450100;;;VELVETFRUIT_EXTRACT;XIREC;5242.0;5
450300;;;VELVETFRUIT_EXTRACT;XIREC;5246.0;7
450400;;;VEV_4000;XIREC;1235.0;3
450500;;;VELVETFRUIT_EXTRACT;XIREC;5243.0;6
452500;;;VELVETFRUIT_EXTRACT;XIREC;5240.0;8
453100;;;VEV_5300;XIREC;45.0;3
453100;;;VEV_5400;XIREC;16.0;3
453100;;;VEV_5500;XIREC;6.0;3
453100;;;VEV_6000;XIREC;0.0;3
453100;;;VEV_6500;XIREC;0.0;3
453900;;;VELVETFRUIT_EXTRACT;XIREC;5237.0;10
454500;;;VELVETFRUIT_EXTRACT;XIREC;5240.0;8
454500;;;VEV_4000;XIREC;1232.0;2
455100;SUBMISSION;;HYDROGEL_PACK;XIREC;9963.0;5
455600;;;VELVETFRUIT_EXTRACT;XIREC;5241.0;4
456500;;;VEV_4000;XIREC;1251.0;3
456600;;;VELVETFRUIT_EXTRACT;XIREC;5243.0;8
458100;;;VELVETFRUIT_EXTRACT;XIREC;5237.0;8
459200;;;VEV_4000;XIREC;1229.0;3
460000;;;HYDROGEL_PACK;XIREC;9979.0;6
460100;;;HYDROGEL_PACK;XIREC;9981.0;3
461200;SUBMISSION;;VEV_4000;XIREC;1240.0;15
461200;SUBMISSION;;VEV_4000;XIREC;1243.0;20
461300;SUBMISSION;;VELVETFRUIT_EXTRACT;XIREC;5232.0;16
461300;SUBMISSION;;VELVETFRUIT_EXTRACT;XIREC;5233.0;34
461300;SUBMISSION;;VEV_4000;XIREC;1240.0;12
461300;SUBMISSION;;VEV_4000;XIREC;1243.0;23
461400;SUBMISSION;;VELVETFRUIT_EXTRACT;XIREC;5232.0;50
461400;SUBMISSION;;VEV_4000;XIREC;1239.0;14
461400;SUBMISSION;;VEV_4000;XIREC;1242.0;24
461400;SUBMISSION;;VEV_4500;XIREC;737.0;9
461400;SUBMISSION;;VEV_4500;XIREC;739.0;19
461500;SUBMISSION;;VELVETFRUIT_EXTRACT;XIREC;5228.0;8
461500;SUBMISSION;;VELVETFRUIT_EXTRACT;XIREC;5231.0;24
461500;SUBMISSION;;VELVETFRUIT_EXTRACT;XIREC;5232.0;18
461500;SUBMISSION;;VEV_4000;XIREC;1239.0;13
461500;SUBMISSION;;VEV_4000;XIREC;1241.0;26
461500;SUBMISSION;;VEV_4500;XIREC;736.0;8
461500;SUBMISSION;;VEV_4500;XIREC;738.0;20
461600;SUBMISSION;;VELVETFRUIT_EXTRACT;XIREC;5232.0;50
461600;SUBMISSION;;VEV_4000;XIREC;1240.0;10
461600;SUBMISSION;;VEV_4000;XIREC;1242.0;17
461600;SUBMISSION;;VEV_4500;XIREC;737.0;9
461600;SUBMISSION;;VEV_4500;XIREC;739.0;24
461700;SUBMISSION;;VELVETFRUIT_EXTRACT;XIREC;5231.0;25
461700;SUBMISSION;;VELVETFRUIT_EXTRACT;XIREC;5232.0;25
461700;SUBMISSION;;VEV_4000;XIREC;1239.0;11
461700;SUBMISSION;;VEV_4000;XIREC;1241.0;28
461700;SUBMISSION;;VEV_4500;XIREC;736.0;11
461700;SUBMISSION;;VEV_4500;XIREC;738.0;17
461800;SUBMISSION;;VELVETFRUIT_EXTRACT;XIREC;5231.0;21
461800;SUBMISSION;;VELVETFRUIT_EXTRACT;XIREC;5232.0;29
461800;SUBMISSION;;VEV_4000;XIREC;1239.0;11
461800;SUBMISSION;;VEV_4000;XIREC;1241.0;18
461800;SUBMISSION;;VEV_4500;XIREC;736.0;10
461800;SUBMISSION;;VEV_4500;XIREC;738.0;14
461900;SUBMISSION;;VELVETFRUIT_EXTRACT;XIREC;5231.0;50
461900;SUBMISSION;;VEV_4000;XIREC;1238.0;14
461900;SUBMISSION;;VEV_4000;XIREC;1241.0;16
461900;SUBMISSION;;VEV_4500;XIREC;736.0;7
461900;SUBMISSION;;VEV_4500;XIREC;738.0;21
462000;SUBMISSION;;VELVETFRUIT_EXTRACT;XIREC;5231.0;22
462000;SUBMISSION;;VELVETFRUIT_EXTRACT;XIREC;5232.0;28
462000;SUBMISSION;;VEV_4000;XIREC;1239.0;13
462000;SUBMISSION;;VEV_4000;XIREC;1242.0;20
462000;SUBMISSION;;VEV_4500;XIREC;737.0;12
462000;SUBMISSION;;VEV_4500;XIREC;738.0;21
462100;SUBMISSION;;VEV_4000;XIREC;1238.0;7
462100;SUBMISSION;;VEV_4000;XIREC;1241.0;17
462100;SUBMISSION;;VEV_4500;XIREC;736.0;9
462100;SUBMISSION;;VEV_4500;XIREC;738.0;15
462200;SUBMISSION;;VEV_4000;XIREC;1239.0;9
462200;SUBMISSION;;VEV_4000;XIREC;1242.0;21
462200;SUBMISSION;;VEV_4500;XIREC;737.0;9
462200;SUBMISSION;;VEV_4500;XIREC;738.0;15
462300;SUBMISSION;;VEV_4000;XIREC;1239.0;7
462300;SUBMISSION;;VEV_4000;XIREC;1242.0;21
462300;SUBMISSION;;VEV_4500;XIREC;737.0;10
462300;SUBMISSION;;VEV_4500;XIREC;739.0;21
462900;;;HYDROGEL_PACK;XIREC;9977.0;5
463000;SUBMISSION;;VEV_4000;XIREC;1240.0;10
463000;SUBMISSION;;VEV_4000;XIREC;1243.0;20
463000;;;HYDROGEL_PACK;XIREC;9974.0;3
463300;SUBMISSION;;VEV_4000;XIREC;1240.0;9
463300;SUBMISSION;;VEV_4000;XIREC;1242.0;23
463300;SUBMISSION;;VEV_4500;XIREC;737.0;9
463300;SUBMISSION;;VEV_4500;XIREC;739.0;17
463300;;;VELVETFRUIT_EXTRACT;XIREC;5227.0;8
463400;SUBMISSION;;VEV_4000;XIREC;1240.0;10
463400;SUBMISSION;;VEV_4000;XIREC;1242.0;15
463400;SUBMISSION;;VEV_4500;XIREC;737.0;9
463400;SUBMISSION;;VEV_4500;XIREC;739.0;16
463700;;;VELVETFRUIT_EXTRACT;XIREC;5234.0;3
465800;SUBMISSION;;VEV_4000;XIREC;1240.0;8
465800;SUBMISSION;;VEV_4000;XIREC;1242.0;29
465800;SUBMISSION;;VEV_4500;XIREC;737.0;9
465800;SUBMISSION;;VEV_4500;XIREC;739.0;21
465900;SUBMISSION;;VEV_4000;XIREC;1240.0;12
465900;SUBMISSION;;VEV_4000;XIREC;1242.0;19
465900;SUBMISSION;;VEV_4500;XIREC;737.0;7
465900;SUBMISSION;;VEV_4500;XIREC;739.0;19
466000;SUBMISSION;;VEV_4000;XIREC;1238.0;11
466000;SUBMISSION;;VEV_4000;XIREC;1241.0;24
466000;SUBMISSION;;VEV_4500;XIREC;736.0;9
466000;SUBMISSION;;VEV_4500;XIREC;738.0;19
466100;SUBMISSION;;VEV_4000;XIREC;1239.0;7
466100;SUBMISSION;;VEV_4000;XIREC;1241.0;16
466100;SUBMISSION;;VEV_4500;XIREC;736.0;6
466100;SUBMISSION;;VEV_4500;XIREC;738.0;24
466200;SUBMISSION;;VEV_4500;XIREC;735.0;12
466200;SUBMISSION;;VEV_4500;XIREC;737.0;12
466200;SUBMISSION;;VEV_5000;XIREC;238.0;12
466200;SUBMISSION;;VEV_5000;XIREC;239.0;12
466300;SUBMISSION;;VEV_4500;XIREC;737.0;7
466300;SUBMISSION;;VEV_4500;XIREC;738.0;22
466400;SUBMISSION;;VEV_4500;XIREC;737.0;6
466400;SUBMISSION;;VEV_4500;XIREC;739.0;20
466600;SUBMISSION;;VEV_4500;XIREC;737.0;11
466600;SUBMISSION;;VEV_4500;XIREC;738.0;24
466700;SUBMISSION;;VEV_4500;XIREC;737.0;7
466700;SUBMISSION;;VEV_4500;XIREC;739.0;16
466800;SUBMISSION;;VEV_4500;XIREC;737.0;12
466800;SUBMISSION;;VEV_4500;XIREC;738.0;5
467600;SUBMISSION;;HYDROGEL_PACK;XIREC;9967.0;3
469400;SUBMISSION;;VEV_5000;XIREC;238.0;6
469400;SUBMISSION;;VEV_5000;XIREC;239.0;24
469900;;;VELVETFRUIT_EXTRACT;XIREC;5233.0;3
470500;;;VELVETFRUIT_EXTRACT;XIREC;5232.0;5
471100;;;VELVETFRUIT_EXTRACT;XIREC;5231.0;6
471700;;;HYDROGEL_PACK;XIREC;9980.0;3
472600;;;VELVETFRUIT_EXTRACT;XIREC;5233.0;7
472700;;;VELVETFRUIT_EXTRACT;XIREC;5234.0;6
473100;;;HYDROGEL_PACK;XIREC;9970.0;3
474000;;;VELVETFRUIT_EXTRACT;XIREC;5238.0;7
474600;;;VELVETFRUIT_EXTRACT;XIREC;5232.0;9
474900;;;HYDROGEL_PACK;XIREC;9964.0;5
476200;;;HYDROGEL_PACK;XIREC;9957.0;4
476800;;;VELVETFRUIT_EXTRACT;XIREC;5240.0;8
477700;;;HYDROGEL_PACK;XIREC;9958.0;5
478700;;;VELVETFRUIT_EXTRACT;XIREC;5234.0;3
479200;;;VEV_5400;XIREC;15.0;2
479200;;;VEV_5500;XIREC;6.0;2
479200;;;VEV_6000;XIREC;0.0;2
479200;;;VEV_6500;XIREC;0.0;2
481600;;;HYDROGEL_PACK;XIREC;9956.0;3
482700;;;VELVETFRUIT_EXTRACT;XIREC;5251.0;7
483100;;;VELVETFRUIT_EXTRACT;XIREC;5247.0;3
486200;;;VEV_5400;XIREC;17.0;4
486200;;;VEV_5500;XIREC;7.0;4
486200;;;VEV_6000;XIREC;0.0;4
486200;;;VEV_6500;XIREC;0.0;4
487500;;;HYDROGEL_PACK;XIREC;9959.0;4
488600;;;VELVETFRUIT_EXTRACT;XIREC;5244.0;5
489700;SUBMISSION;;HYDROGEL_PACK;XIREC;9957.0;6
489900;SUBMISSION;;HYDROGEL_PACK;XIREC;9956.0;6
490300;;;VEV_5300;XIREC;45.0;2
490300;;;VEV_5400;XIREC;16.0;2
490300;;;VEV_5500;XIREC;7.0;2
490300;;;VEV_6000;XIREC;0.0;2
490300;;;VEV_6500;XIREC;0.0;2
491300;;;VELVETFRUIT_EXTRACT;XIREC;5234.0;4
491300;;;VELVETFRUIT_EXTRACT;XIREC;5234.0;3
491600;;;VELVETFRUIT_EXTRACT;XIREC;5238.0;3
493600;;;HYDROGEL_PACK;XIREC;9982.0;2
493600;;;VELVETFRUIT_EXTRACT;XIREC;5241.0;5
494100;;;VELVETFRUIT_EXTRACT;XIREC;5244.0;6
495200;;;VELVETFRUIT_EXTRACT;XIREC;5242.0;7
496300;SUBMISSION;;HYDROGEL_PACK;XIREC;9974.0;4
497200;SUBMISSION;;HYDROGEL_PACK;XIREC;9972.0;3
497200;;;HYDROGEL_PACK;XIREC;9971.0;2
498200;SUBMISSION;;HYDROGEL_PACK;XIREC;9964.0;2
498200;;;HYDROGEL_PACK;XIREC;9963.0;3
498300;;;VEV_4000;XIREC;1234.0;3
499400;;;VELVETFRUIT_EXTRACT;XIREC;5247.0;7
499600;SUBMISSION;;HYDROGEL_PACK;XIREC;9980.0;2
499600;;;HYDROGEL_PACK;XIREC;9979.0;4
501100;;;VELVETFRUIT_EXTRACT;XIREC;5246.0;6
501400;;;HYDROGEL_PACK;XIREC;9986.0;5
501600;;;HYDROGEL_PACK;XIREC;9985.0;6
502000;;;HYDROGEL_PACK;XIREC;9983.0;3
502700;;;VELVETFRUIT_EXTRACT;XIREC;5243.0;6
503200;;;VEV_4000;XIREC;1228.0;3
504400;;;VEV_4000;XIREC;1228.0;3
504900;;;VEV_4000;XIREC;1227.0;3
505100;;;VEV_4000;XIREC;1251.0;3
505700;;;VEV_5300;XIREC;45.0;4
505700;;;VEV_5400;XIREC;16.0;4
505700;;;VEV_5500;XIREC;7.0;4
505700;;;VEV_6000;XIREC;0.0;4
505700;;;VEV_6500;XIREC;0.0;4
506200;;;VEV_4000;XIREC;1233.0;1
507500;;;VELVETFRUIT_EXTRACT;XIREC;5231.0;6
509000;SUBMISSION;;VEV_5000;XIREC;238.0;10
509000;SUBMISSION;;VEV_5000;XIREC;239.0;20
509100;SUBMISSION;;VEV_5000;XIREC;238.0;7
509100;SUBMISSION;;VEV_5000;XIREC;239.0;17
509200;SUBMISSION;;VEV_5000;XIREC;238.0;7
509200;SUBMISSION;;VEV_5000;XIREC;239.0;20
509400;SUBMISSION;;VEV_5000;XIREC;238.0;10
509400;SUBMISSION;;VEV_5000;XIREC;239.0;21
510900;SUBMISSION;;HYDROGEL_PACK;XIREC;9940.0;2
510900;;;HYDROGEL_PACK;XIREC;9939.0;2
511100;SUBMISSION;;VEV_5000;XIREC;238.0;21
511300;SUBMISSION;;VEV_5000;XIREC;238.0;6
511300;SUBMISSION;;VEV_5000;XIREC;239.0;24
511600;SUBMISSION;;VEV_5000;XIREC;238.0;6
511600;SUBMISSION;;VEV_5000;XIREC;239.0;23
512300;;;VELVETFRUIT_EXTRACT;XIREC;5225.0;7
512400;SUBMISSION;;VEV_5000;XIREC;238.0;9
512400;SUBMISSION;;VEV_5000;XIREC;239.0;21
513000;SUBMISSION;;VEV_5000;XIREC;238.0;10
513000;SUBMISSION;;VEV_5000;XIREC;239.0;17
513100;SUBMISSION;;VEV_5000;XIREC;237.0;11
513100;SUBMISSION;;VEV_5000;XIREC;238.0;15
513200;SUBMISSION;;VEV_5000;XIREC;237.0;11
513200;SUBMISSION;;VEV_5000;XIREC;238.0;15
513300;SUBMISSION;;VEV_5000;XIREC;237.0;10
513300;SUBMISSION;;VEV_5000;XIREC;238.0;23
513300;;;VELVETFRUIT_EXTRACT;XIREC;5225.0;10
513400;SUBMISSION;;VEV_5000;XIREC;237.0;21
513500;SUBMISSION;;VEV_5000;XIREC;238.0;20
513600;SUBMISSION;;VEV_5000;XIREC;237.0;30
513700;SUBMISSION;;VEV_5000;XIREC;238.0;8
513700;SUBMISSION;;VEV_5000;XIREC;239.0;16
513900;;;VELVETFRUIT_EXTRACT;XIREC;5232.0;7
514300;SUBMISSION;;VEV_5000;XIREC;237.0;10
514300;SUBMISSION;;VEV_5000;XIREC;238.0;16
514400;SUBMISSION;;VEV_5000;XIREC;238.0;10
514400;SUBMISSION;;VEV_5000;XIREC;239.0;24
514500;SUBMISSION;;VEV_5000;XIREC;238.0;11
514500;SUBMISSION;;VEV_5000;XIREC;239.0;19
514700;SUBMISSION;;VEV_5000;XIREC;238.0;10
514700;SUBMISSION;;VEV_5000;XIREC;239.0;17
515500;;;VELVETFRUIT_EXTRACT;XIREC;5225.0;7
515600;SUBMISSION;;HYDROGEL_PACK;XIREC;9932.0;1
515600;;;HYDROGEL_PACK;XIREC;9931.0;4
515800;;;VELVETFRUIT_EXTRACT;XIREC;5228.0;4
516300;SUBMISSION;;HYDROGEL_PACK;XIREC;9938.0;1
516300;;;HYDROGEL_PACK;XIREC;9937.0;4
517700;;;VEV_4000;XIREC;1223.0;2
517900;;;HYDROGEL_PACK;XIREC;9954.0;3
518000;;;HYDROGEL_PACK;XIREC;9936.0;5
518000;;;VELVETFRUIT_EXTRACT;XIREC;5234.0;7
518000;;;VEV_4000;XIREC;1226.0;2
519600;;;VELVETFRUIT_EXTRACT;XIREC;5241.0;5
520200;;;VELVETFRUIT_EXTRACT;XIREC;5243.0;4
521000;;;VELVETFRUIT_EXTRACT;XIREC;5246.0;5
521400;;;HYDROGEL_PACK;XIREC;9965.0;6
521500;;;VELVETFRUIT_EXTRACT;XIREC;5248.0;4
522300;;;HYDROGEL_PACK;XIREC;9971.0;6
522400;;;VELVETFRUIT_EXTRACT;XIREC;5249.0;7
523200;;;VELVETFRUIT_EXTRACT;XIREC;5255.0;8
523700;;;VEV_4000;XIREC;1241.0;1
525200;;;VEV_4000;XIREC;1244.0;3
525700;;;VELVETFRUIT_EXTRACT;XIREC;5257.0;8
526300;;;VEV_4000;XIREC;1267.0;2
526600;;;VEV_4000;XIREC;1245.0;2
526800;;;HYDROGEL_PACK;XIREC;9990.0;2
527200;;;HYDROGEL_PACK;XIREC;9972.0;5
528700;;;VEV_4000;XIREC;1249.0;2
530400;;;VELVETFRUIT_EXTRACT;XIREC;5263.0;7
531300;;;VELVETFRUIT_EXTRACT;XIREC;5255.0;10
532500;;;VEV_4000;XIREC;1267.0;2
534700;;;VEV_5300;XIREC;51.0;5
534700;;;VEV_5500;XIREC;8.0;5
534700;;;VEV_6000;XIREC;0.0;5
534700;;;VEV_6500;XIREC;0.0;5
535000;;;VELVETFRUIT_EXTRACT;XIREC;5249.0;3
535900;;;VELVETFRUIT_EXTRACT;XIREC;5253.0;7
537500;;;VELVETFRUIT_EXTRACT;XIREC;5247.0;8
538100;;;VEV_4000;XIREC;1256.0;2
540100;;;VELVETFRUIT_EXTRACT;XIREC;5246.0;7
540300;;;HYDROGEL_PACK;XIREC;9980.0;2
542600;;;VELVETFRUIT_EXTRACT;XIREC;5249.0;7
543200;;;VELVETFRUIT_EXTRACT;XIREC;5241.0;8
545700;;;HYDROGEL_PACK;XIREC;9963.0;5
546200;;;VELVETFRUIT_EXTRACT;XIREC;5243.0;5
546400;;;VEV_4000;XIREC;1251.0;3
547100;;;VELVETFRUIT_EXTRACT;XIREC;5240.0;12
547400;;;VELVETFRUIT_EXTRACT;XIREC;5238.0;3
548800;;;VEV_4000;XIREC;1253.0;2
548900;;;VELVETFRUIT_EXTRACT;XIREC;5241.0;3
550400;;;VELVETFRUIT_EXTRACT;XIREC;5243.0;9
551200;;;VELVETFRUIT_EXTRACT;XIREC;5244.0;4
552800;;;VELVETFRUIT_EXTRACT;XIREC;5248.0;7
553800;;;VELVETFRUIT_EXTRACT;XIREC;5242.0;15
554300;;;HYDROGEL_PACK;XIREC;9943.0;5
554300;;;VELVETFRUIT_EXTRACT;XIREC;5240.0;3
554500;;;VEV_5400;XIREC;16.0;4
554500;;;VEV_5500;XIREC;7.0;4
554500;;;VEV_6000;XIREC;0.0;4
554500;;;VEV_6500;XIREC;0.0;4
555000;;;HYDROGEL_PACK;XIREC;9938.0;2
557400;;;HYDROGEL_PACK;XIREC;9960.0;2
558300;;;HYDROGEL_PACK;XIREC;9971.0;3
559100;;;VELVETFRUIT_EXTRACT;XIREC;5235.0;7
559800;;;HYDROGEL_PACK;XIREC;9972.0;6
560800;;;VELVETFRUIT_EXTRACT;XIREC;5238.0;4
562900;;;HYDROGEL_PACK;XIREC;9960.0;5
563300;;;VEV_4000;XIREC;1247.0;3
566400;;;VELVETFRUIT_EXTRACT;XIREC;5246.0;6
566500;;;HYDROGEL_PACK;XIREC;9958.0;3
568200;;;VELVETFRUIT_EXTRACT;XIREC;5247.0;7
568400;;;HYDROGEL_PACK;XIREC;9949.0;4
568500;;;HYDROGEL_PACK;XIREC;9965.0;3
568800;;;VEV_5400;XIREC;18.0;3
568800;;;VEV_5500;XIREC;8.0;3
568800;;;VEV_6000;XIREC;0.0;3
568800;;;VEV_6500;XIREC;0.0;3
569000;;;VELVETFRUIT_EXTRACT;XIREC;5254.0;8
571700;;;VELVETFRUIT_EXTRACT;XIREC;5249.0;8
574300;;;HYDROGEL_PACK;XIREC;9951.0;4
574400;;;VELVETFRUIT_EXTRACT;XIREC;5239.0;5
575000;;;VEV_5300;XIREC;46.0;5
575000;;;VEV_5500;XIREC;7.0;5
575000;;;VEV_6000;XIREC;0.0;5
575000;;;VEV_6500;XIREC;0.0;5
577000;;;VEV_4000;XIREC;1251.0;3
577100;;;VEV_4000;XIREC;1251.0;1
579000;;;VELVETFRUIT_EXTRACT;XIREC;5244.0;5
579200;;;VELVETFRUIT_EXTRACT;XIREC;5240.0;4
579300;;;HYDROGEL_PACK;XIREC;9969.0;2
579800;;;VELVETFRUIT_EXTRACT;XIREC;5245.0;6
581000;;;VELVETFRUIT_EXTRACT;XIREC;5241.0;7
581900;;;HYDROGEL_PACK;XIREC;9969.0;5
584300;;;VELVETFRUIT_EXTRACT;XIREC;5237.0;8
585000;;;VEV_5400;XIREC;16.0;4
585000;;;VEV_5500;XIREC;7.0;4
585000;;;VEV_6000;XIREC;0.0;4
585000;;;VEV_6500;XIREC;0.0;4
585100;;;VELVETFRUIT_EXTRACT;XIREC;5246.0;6
585200;;;VEV_4000;XIREC;1254.0;2
585800;;;VELVETFRUIT_EXTRACT;XIREC;5233.0;6
588900;;;HYDROGEL_PACK;XIREC;9991.0;3
590500;;;VEV_4000;XIREC;1250.0;2
591100;;;VEV_5300;XIREC;46.0;2
591100;;;VEV_5500;XIREC;7.0;2
591100;;;VEV_6000;XIREC;0.0;2
591100;;;VEV_6500;XIREC;0.0;2
591300;;;HYDROGEL_PACK;XIREC;9980.0;2
592300;;;HYDROGEL_PACK;XIREC;9982.0;4
592500;;;VELVETFRUIT_EXTRACT;XIREC;5248.0;10
593200;;;VELVETFRUIT_EXTRACT;XIREC;5249.0;3
593300;;;VEV_5400;XIREC;16.0;2
593300;;;VEV_5500;XIREC;7.0;2
593300;;;VEV_6000;XIREC;0.0;2
593300;;;VEV_6500;XIREC;0.0;2
594300;;;VEV_4000;XIREC;1257.0;3
596100;;;HYDROGEL_PACK;XIREC;9977.0;4
596500;;;HYDROGEL_PACK;XIREC;9996.0;6
598100;;;HYDROGEL_PACK;XIREC;9981.0;6
599000;;;VELVETFRUIT_EXTRACT;XIREC;5252.0;3
599500;;SUBMISSION;HYDROGEL_PACK;XIREC;10003.0;2
599700;SUBMISSION;;HYDROGEL_PACK;XIREC;9987.0;1
599700;;;HYDROGEL_PACK;XIREC;9986.0;4
601600;;;HYDROGEL_PACK;XIREC;9996.0;6
603000;;;VEV_5300;XIREC;46.0;2
603000;;;VEV_5500;XIREC;7.0;2
603000;;;VEV_6000;XIREC;0.0;2
603000;;;VEV_6500;XIREC;0.0;2
603100;;;VEV_4000;XIREC;1252.0;3
604600;;;VELVETFRUIT_EXTRACT;XIREC;5243.0;7
604700;;SUBMISSION;HYDROGEL_PACK;XIREC;10001.0;12
605600;;;VELVETFRUIT_EXTRACT;XIREC;5239.0;5
606800;;;VELVETFRUIT_EXTRACT;XIREC;5236.0;3
608000;;;VELVETFRUIT_EXTRACT;XIREC;5236.0;8
611300;;;VEV_4000;XIREC;1250.0;1
613300;;;VEV_5400;XIREC;14.0;5
613300;;;VEV_5500;XIREC;6.0;5
613300;;;VEV_6000;XIREC;0.0;5
613300;;;VEV_6500;XIREC;0.0;5
616500;;SUBMISSION;HYDROGEL_PACK;XIREC;10015.0;6
618000;;;VELVETFRUIT_EXTRACT;XIREC;5228.0;6
619000;SUBMISSION;;HYDROGEL_PACK;XIREC;9988.0;2
620400;;;VELVETFRUIT_EXTRACT;XIREC;5224.0;4
621900;;;VELVETFRUIT_EXTRACT;XIREC;5225.0;8
622000;;SUBMISSION;HYDROGEL_PACK;XIREC;10010.0;6
622100;;;VEV_4000;XIREC;1213.0;2
622700;;;VELVETFRUIT_EXTRACT;XIREC;5220.0;7
622900;SUBMISSION;;VEV_5100;XIREC;149.0;10
622900;SUBMISSION;;VEV_5100;XIREC;150.0;16
623100;SUBMISSION;;VEV_5100;XIREC;149.0;11
623100;SUBMISSION;;VEV_5100;XIREC;150.0;20
623300;;;VELVETFRUIT_EXTRACT;XIREC;5218.0;3
623600;SUBMISSION;;VEV_5100;XIREC;149.0;33
623700;SUBMISSION;;VEV_5100;XIREC;149.0;9
623700;SUBMISSION;;VEV_5100;XIREC;150.0;13
623800;SUBMISSION;;VEV_5100;XIREC;149.0;12
623800;SUBMISSION;;VEV_5100;XIREC;150.0;14
623900;SUBMISSION;;VEV_5100;XIREC;149.0;23
623900;;;VEV_4000;XIREC;1229.0;2
624000;SUBMISSION;;VEV_5100;XIREC;149.0;23
624100;SUBMISSION;;VEV_5100;XIREC;149.0;21
624200;SUBMISSION;;VEV_5100;XIREC;149.0;22
624600;SUBMISSION;;VEV_5100;XIREC;149.0;10
624600;SUBMISSION;;VEV_5100;XIREC;150.0;15
624700;SUBMISSION;;VEV_5100;XIREC;149.0;6
624700;SUBMISSION;;VEV_5100;XIREC;150.0;22
624800;;;VELVETFRUIT_EXTRACT;XIREC;5220.0;6
625700;SUBMISSION;;HYDROGEL_PACK;XIREC;9986.0;2
626000;SUBMISSION;;VEV_5100;XIREC;149.0;32
626100;SUBMISSION;;VEV_5100;XIREC;149.0;11
626100;SUBMISSION;;VEV_5100;XIREC;150.0;15
626200;SUBMISSION;;VEV_5100;XIREC;149.0;24
626500;SUBMISSION;;VEV_5100;XIREC;147.0;2
626500;SUBMISSION;;VEV_5100;XIREC;150.0;24
626500;;;VEV_5300;XIREC;38.0;2
626500;;;VEV_5400;XIREC;12.0;2
626500;;;VEV_5500;XIREC;5.0;2
626500;;;VEV_6000;XIREC;0.0;2
626500;;;VEV_6500;XIREC;0.0;2
626700;SUBMISSION;;VEV_5100;XIREC;149.0;22
626800;SUBMISSION;;VEV_5100;XIREC;149.0;25
626900;SUBMISSION;;HYDROGEL_PACK;XIREC;9981.0;2
626900;SUBMISSION;;VEV_5100;XIREC;149.0;27
627000;SUBMISSION;;VEV_5100;XIREC;148.0;12
627000;SUBMISSION;;VEV_5100;XIREC;149.0;24
627100;SUBMISSION;;VEV_5100;XIREC;149.0;23
627200;SUBMISSION;;VEV_5100;XIREC;149.0;24
627300;SUBMISSION;;VEV_5100;XIREC;149.0;25
627400;SUBMISSION;;VEV_5100;XIREC;149.0;20
627400;;;HYDROGEL_PACK;XIREC;9989.0;5
627500;SUBMISSION;;VEV_5100;XIREC;148.0;6
627500;SUBMISSION;;VEV_5100;XIREC;149.0;4
629100;;;VELVETFRUIT_EXTRACT;XIREC;5220.0;4
629300;;;HYDROGEL_PACK;XIREC;9997.0;4
629700;SUBMISSION;;HYDROGEL_PACK;XIREC;9984.0;4
631100;;SUBMISSION;HYDROGEL_PACK;XIREC;10004.0;3
631900;;;VEV_5300;XIREC;38.0;4
631900;;;VEV_5400;XIREC;12.0;4
631900;;;VEV_5500;XIREC;5.0;4
631900;;;VEV_6000;XIREC;0.0;4
631900;;;VEV_6500;XIREC;0.0;4
634800;;SUBMISSION;HYDROGEL_PACK;XIREC;10011.0;2
635000;;;VELVETFRUIT_EXTRACT;XIREC;5228.0;5
636500;;;VELVETFRUIT_EXTRACT;XIREC;5225.0;3
636700;;SUBMISSION;HYDROGEL_PACK;XIREC;10014.0;3
637800;;;VELVETFRUIT_EXTRACT;XIREC;5232.0;4
638400;SUBMISSION;;HYDROGEL_PACK;XIREC;9989.0;5
638500;;SUBMISSION;HYDROGEL_PACK;XIREC;10003.0;6
639800;;;VELVETFRUIT_EXTRACT;XIREC;5233.0;5
639900;SUBMISSION;;HYDROGEL_PACK;XIREC;9979.0;2
640100;;;HYDROGEL_PACK;XIREC;9998.0;4
640300;;;VEV_5300;XIREC;42.0;5
640300;;;VEV_5500;XIREC;6.0;5
640300;;;VEV_6000;XIREC;0.0;5
640300;;;VEV_6500;XIREC;0.0;5
640800;SUBMISSION;;HYDROGEL_PACK;XIREC;9984.0;5
641600;;;VELVETFRUIT_EXTRACT;XIREC;5229.0;8
641800;;;VELVETFRUIT_EXTRACT;XIREC;5233.0;6
642400;;;VELVETFRUIT_EXTRACT;XIREC;5227.0;8
642700;;;VELVETFRUIT_EXTRACT;XIREC;5229.0;13
643900;;SUBMISSION;HYDROGEL_PACK;XIREC;10009.0;6
644300;;;VEV_4000;XIREC;1217.0;2
644700;;;VELVETFRUIT_EXTRACT;XIREC;5233.0;4
644900;;SUBMISSION;HYDROGEL_PACK;XIREC;10003.0;2
645000;;;VEV_4000;XIREC;1240.0;1
645100;;SUBMISSION;HYDROGEL_PACK;XIREC;10005.0;8
645200;;SUBMISSION;HYDROGEL_PACK;XIREC;10006.0;11
645200;;;VELVETFRUIT_EXTRACT;XIREC;5224.0;7
645300;;SUBMISSION;HYDROGEL_PACK;XIREC;10010.0;14
645300;;SUBMISSION;HYDROGEL_PACK;XIREC;10007.0;10
645400;;SUBMISSION;HYDROGEL_PACK;XIREC;10009.0;13
645400;;SUBMISSION;HYDROGEL_PACK;XIREC;10007.0;8
645400;;;HYDROGEL_PACK;XIREC;10009.0;4
645500;;SUBMISSION;HYDROGEL_PACK;XIREC;10008.0;15
645500;;SUBMISSION;HYDROGEL_PACK;XIREC;10006.0;3
645500;;SUBMISSION;HYDROGEL_PACK;XIREC;10023.0;2
645600;;SUBMISSION;HYDROGEL_PACK;XIREC;10010.0;12
645600;;SUBMISSION;HYDROGEL_PACK;XIREC;10008.0;12
645700;;SUBMISSION;HYDROGEL_PACK;XIREC;10010.0;10
645700;;SUBMISSION;HYDROGEL_PACK;XIREC;10007.0;14
645800;;SUBMISSION;HYDROGEL_PACK;XIREC;10011.0;14
645800;;SUBMISSION;HYDROGEL_PACK;XIREC;10008.0;13
645800;;;VEV_4000;XIREC;1218.0;1
645900;;SUBMISSION;HYDROGEL_PACK;XIREC;10009.0;10
645900;;SUBMISSION;HYDROGEL_PACK;XIREC;10006.0;10
646000;;SUBMISSION;HYDROGEL_PACK;XIREC;10010.0;15
646000;;SUBMISSION;HYDROGEL_PACK;XIREC;10008.0;9
646100;;SUBMISSION;HYDROGEL_PACK;XIREC;10009.0;13
646100;;SUBMISSION;HYDROGEL_PACK;XIREC;10006.0;7
646200;;SUBMISSION;HYDROGEL_PACK;XIREC;10008.0;11
646200;;SUBMISSION;HYDROGEL_PACK;XIREC;10006.0;6
646300;;SUBMISSION;HYDROGEL_PACK;XIREC;10008.0;13
646300;;SUBMISSION;HYDROGEL_PACK;XIREC;10005.0;4
646400;;SUBMISSION;HYDROGEL_PACK;XIREC;10011.0;10
646400;;SUBMISSION;HYDROGEL_PACK;XIREC;10009.0;16
646500;;SUBMISSION;HYDROGEL_PACK;XIREC;10013.0;13
646500;;SUBMISSION;HYDROGEL_PACK;XIREC;10011.0;18
646500;;SUBMISSION;HYDROGEL_PACK;XIREC;10028.0;6
646800;;;VELVETFRUIT_EXTRACT;XIREC;5233.0;5
647300;;SUBMISSION;HYDROGEL_PACK;XIREC;10016.0;3
647400;;SUBMISSION;HYDROGEL_PACK;XIREC;10018.0;7
647500;;SUBMISSION;HYDROGEL_PACK;XIREC;10020.0;6
648100;;;VELVETFRUIT_EXTRACT;XIREC;5228.0;3
649600;;;HYDROGEL_PACK;XIREC;10013.0;2
650900;;;VELVETFRUIT_EXTRACT;XIREC;5227.0;4
652300;;;HYDROGEL_PACK;XIREC;10006.0;3
653500;;;HYDROGEL_PACK;XIREC;10012.0;6
655000;;;VELVETFRUIT_EXTRACT;XIREC;5231.0;5
655800;;;VEV_5200;XIREC;88.0;5
655800;;;VEV_5500;XIREC;6.0;5
655800;;;VEV_6000;XIREC;0.0;5
655800;;;VEV_6500;XIREC;0.0;5
655900;;;VEV_5300;XIREC;42.0;3
655900;;;VEV_5500;XIREC;6.0;3
655900;;;VEV_6000;XIREC;0.0;3
655900;;;VEV_6500;XIREC;0.0;3
657100;;;VEV_4000;XIREC;1225.0;1
658800;;;VEV_4000;XIREC;1248.0;2
661800;;SUBMISSION;HYDROGEL_PACK;XIREC;10021.0;4
662400;;;HYDROGEL_PACK;XIREC;10004.0;5
662500;;;VEV_4000;XIREC;1256.0;1
663100;SUBMISSION;;HYDROGEL_PACK;XIREC;9999.0;5
663200;;;VEV_4000;XIREC;1231.0;1
663300;;;VELVETFRUIT_EXTRACT;XIREC;5245.0;3
663600;;;VELVETFRUIT_EXTRACT;XIREC;5242.0;5
664000;;;VEV_4000;XIREC;1251.0;2
664100;;;VEV_4000;XIREC;1253.0;2
665500;;;VEV_4000;XIREC;1253.0;2
668000;SUBMISSION;;HYDROGEL_PACK;XIREC;10000.0;6
668300;;;VELVETFRUIT_EXTRACT;XIREC;5245.0;4
669000;;;VELVETFRUIT_EXTRACT;XIREC;5238.0;6
670800;SUBMISSION;;HYDROGEL_PACK;XIREC;9994.0;5
671700;SUBMISSION;;HYDROGEL_PACK;XIREC;10000.0;5
671800;SUBMISSION;;HYDROGEL_PACK;XIREC;9999.0;8
672000;SUBMISSION;;HYDROGEL_PACK;XIREC;10000.0;5
672100;SUBMISSION;;HYDROGEL_PACK;XIREC;9998.0;11
672200;SUBMISSION;;HYDROGEL_PACK;XIREC;9995.0;14
672200;SUBMISSION;;HYDROGEL_PACK;XIREC;9998.0;7
672300;SUBMISSION;;HYDROGEL_PACK;XIREC;9996.0;13
672300;SUBMISSION;;HYDROGEL_PACK;XIREC;9999.0;5
672400;SUBMISSION;;HYDROGEL_PACK;XIREC;9992.0;15
672400;SUBMISSION;;HYDROGEL_PACK;XIREC;9994.0;4
672500;SUBMISSION;;HYDROGEL_PACK;XIREC;9994.0;12
672500;SUBMISSION;;HYDROGEL_PACK;XIREC;9997.0;12
672600;SUBMISSION;;HYDROGEL_PACK;XIREC;9996.0;15
672600;SUBMISSION;;HYDROGEL_PACK;XIREC;9998.0;2
672700;SUBMISSION;;HYDROGEL_PACK;XIREC;9998.0;11
672800;;;VELVETFRUIT_EXTRACT;XIREC;5243.0;4
672900;SUBMISSION;;HYDROGEL_PACK;XIREC;9994.0;15
672900;SUBMISSION;;HYDROGEL_PACK;XIREC;9997.0;9
673000;SUBMISSION;;HYDROGEL_PACK;XIREC;9998.0;11
673100;SUBMISSION;;HYDROGEL_PACK;XIREC;10000.0;5
673200;SUBMISSION;;HYDROGEL_PACK;XIREC;9998.0;10
673200;SUBMISSION;;HYDROGEL_PACK;XIREC;10001.0;1
673300;SUBMISSION;;HYDROGEL_PACK;XIREC;10000.0;5
673400;SUBMISSION;;HYDROGEL_PACK;XIREC;9998.0;10
673400;SUBMISSION;;HYDROGEL_PACK;XIREC;10000.0;1
674900;SUBMISSION;;HYDROGEL_PACK;XIREC;9997.0;2
676600;;;VELVETFRUIT_EXTRACT;XIREC;5237.0;6
677000;SUBMISSION;;HYDROGEL_PACK;XIREC;9999.0;11
677100;SUBMISSION;;HYDROGEL_PACK;XIREC;10001.0;4
677400;SUBMISSION;;HYDROGEL_PACK;XIREC;10002.0;1
677500;SUBMISSION;;HYDROGEL_PACK;XIREC;10002.0;1
677600;SUBMISSION;;HYDROGEL_PACK;XIREC;10001.0;4
677700;SUBMISSION;;HYDROGEL_PACK;XIREC;9998.0;14
677800;SUBMISSION;;HYDROGEL_PACK;XIREC;9997.0;15
677800;SUBMISSION;;HYDROGEL_PACK;XIREC;9999.0;3
677900;SUBMISSION;;HYDROGEL_PACK;XIREC;9995.0;15
677900;SUBMISSION;;HYDROGEL_PACK;XIREC;9997.0;4
678200;;;VELVETFRUIT_EXTRACT;XIREC;5236.0;11
678600;SUBMISSION;;HYDROGEL_PACK;XIREC;9994.0;4
678700;SUBMISSION;;HYDROGEL_PACK;XIREC;9993.0;4
678800;SUBMISSION;;HYDROGEL_PACK;XIREC;9991.0;8
678900;SUBMISSION;;HYDROGEL_PACK;XIREC;9990.0;4
679600;;;HYDROGEL_PACK;XIREC;9995.0;6
679600;;;VELVETFRUIT_EXTRACT;XIREC;5244.0;4
680000;;;VELVETFRUIT_EXTRACT;XIREC;5240.0;9
680300;;;VELVETFRUIT_EXTRACT;XIREC;5243.0;7
680500;SUBMISSION;;HYDROGEL_PACK;XIREC;9988.0;3
680600;SUBMISSION;;HYDROGEL_PACK;XIREC;9986.0;8
680700;SUBMISSION;;HYDROGEL_PACK;XIREC;9985.0;1
681600;;;VEV_4000;XIREC;1249.0;3
682000;;;VELVETFRUIT_EXTRACT;XIREC;5237.0;4
682100;;;HYDROGEL_PACK;XIREC;9982.0;5
682200;SUBMISSION;;HYDROGEL_PACK;XIREC;9968.0;6
683300;;;VELVETFRUIT_EXTRACT;XIREC;5234.0;3
683500;;;HYDROGEL_PACK;XIREC;9973.0;4
685500;;;VELVETFRUIT_EXTRACT;XIREC;5244.0;5
685800;;;VEV_4000;XIREC;1254.0;1
686000;SUBMISSION;;HYDROGEL_PACK;XIREC;9991.0;4
687700;;;VELVETFRUIT_EXTRACT;XIREC;5244.0;9
688200;;;VELVETFRUIT_EXTRACT;XIREC;5243.0;5
689200;;;VEV_4000;XIREC;1232.0;3
690600;;;HYDROGEL_PACK;XIREC;10000.0;3
690600;;;VELVETFRUIT_EXTRACT;XIREC;5248.0;13
691300;SUBMISSION;;HYDROGEL_PACK;XIREC;9983.0;6
692200;;;VEV_4000;XIREC;1237.0;2
693200;;;VEV_5400;XIREC;16.0;2
693200;;;VEV_5500;XIREC;7.0;2
693200;;;VEV_6000;XIREC;0.0;2
693200;;;VEV_6500;XIREC;0.0;2
693500;;;VELVETFRUIT_EXTRACT;XIREC;5249.0;6
693800;;SUBMISSION;HYDROGEL_PACK;XIREC;10004.0;6
693900;;;VELVETFRUIT_EXTRACT;XIREC;5251.0;3
695000;;;VEV_5400;XIREC;16.0;2
695000;;;VEV_5500;XIREC;7.0;2
695000;;;VEV_6000;XIREC;0.0;2
695000;;;VEV_6500;XIREC;0.0;2
696200;;;VELVETFRUIT_EXTRACT;XIREC;5251.0;5
696300;;;VELVETFRUIT_EXTRACT;XIREC;5251.0;6
696800;;;VELVETFRUIT_EXTRACT;XIREC;5251.0;5
698900;;SUBMISSION;HYDROGEL_PACK;XIREC;10002.0;1
699100;;SUBMISSION;HYDROGEL_PACK;XIREC;10005.0;10
699200;;SUBMISSION;HYDROGEL_PACK;XIREC;10005.0;10
699300;;SUBMISSION;HYDROGEL_PACK;XIREC;10005.0;10
699400;;SUBMISSION;HYDROGEL_PACK;XIREC;10008.0;11
699400;;SUBMISSION;HYDROGEL_PACK;XIREC;10005.0;8
699400;;;HYDROGEL_PACK;XIREC;10008.0;3
699500;;SUBMISSION;HYDROGEL_PACK;XIREC;10009.0;14
699500;;SUBMISSION;HYDROGEL_PACK;XIREC;10007.0;9
699600;;SUBMISSION;HYDROGEL_PACK;XIREC;10007.0;15
699600;;SUBMISSION;HYDROGEL_PACK;XIREC;10005.0;1
699700;;SUBMISSION;HYDROGEL_PACK;XIREC;10011.0;14
699700;;SUBMISSION;HYDROGEL_PACK;XIREC;10009.0;15
699800;;SUBMISSION;HYDROGEL_PACK;XIREC;10013.0;11
699800;;SUBMISSION;HYDROGEL_PACK;XIREC;10010.0;20
699900;;SUBMISSION;HYDROGEL_PACK;XIREC;10013.0;10
699900;;SUBMISSION;HYDROGEL_PACK;XIREC;10010.0;25
700000;;SUBMISSION;HYDROGEL_PACK;XIREC;10016.0;12
700000;;SUBMISSION;HYDROGEL_PACK;XIREC;10013.0;24
700100;;SUBMISSION;HYDROGEL_PACK;XIREC;10019.0;13
700100;;SUBMISSION;HYDROGEL_PACK;XIREC;10017.0;22
700200;;SUBMISSION;HYDROGEL_PACK;XIREC;10018.0;14
700200;;SUBMISSION;HYDROGEL_PACK;XIREC;10015.0;29
700300;;SUBMISSION;HYDROGEL_PACK;XIREC;10019.0;10
700300;;SUBMISSION;HYDROGEL_PACK;XIREC;10016.0;24
700700;;SUBMISSION;HYDROGEL_PACK;XIREC;10021.0;2
707400;;;HYDROGEL_PACK;XIREC;10024.0;4
707600;;;VELVETFRUIT_EXTRACT;XIREC;5253.0;6
708700;;;VELVETFRUIT_EXTRACT;XIREC;5258.0;3
710400;;;VELVETFRUIT_EXTRACT;XIREC;5252.0;3
711600;;;VEV_5300;XIREC;47.0;2
711600;;;VEV_5400;XIREC;16.0;2
711600;;;VEV_5500;XIREC;7.0;2
711600;;;VEV_6000;XIREC;0.0;2
711600;;;VEV_6500;XIREC;0.0;2
711900;;;VELVETFRUIT_EXTRACT;XIREC;5251.0;3
712800;;;HYDROGEL_PACK;XIREC;10018.0;5
712900;;;VELVETFRUIT_EXTRACT;XIREC;5250.0;6
713700;;;VEV_4000;XIREC;1256.0;1
713800;;;VEV_4000;XIREC;1257.0;2
714900;;;HYDROGEL_PACK;XIREC;10007.0;2
715000;;;HYDROGEL_PACK;XIREC;10005.0;2
715000;;;VEV_5400;XIREC;17.0;3
715000;;;VEV_5500;XIREC;8.0;3
715000;;;VEV_6000;XIREC;0.0;3
715000;;;VEV_6500;XIREC;0.0;3
715500;;;VELVETFRUIT_EXTRACT;XIREC;5249.0;4
715600;;;VELVETFRUIT_EXTRACT;XIREC;5249.0;5
719300;;;VELVETFRUIT_EXTRACT;XIREC;5250.0;7
719900;;;VELVETFRUIT_EXTRACT;XIREC;5250.0;5
721300;;;HYDROGEL_PACK;XIREC;10005.0;5
721400;;;HYDROGEL_PACK;XIREC;10003.0;5
722600;SUBMISSION;;HYDROGEL_PACK;XIREC;10001.0;4
722600;;;VEV_5500;XIREC;8.0;3
722600;;;VEV_6000;XIREC;0.0;3
722600;;;VEV_6500;XIREC;0.0;3
723200;;SUBMISSION;VEV_5100;XIREC;177.0;19
723300;;SUBMISSION;VEV_5100;XIREC;177.0;20
723400;;SUBMISSION;VEV_5100;XIREC;178.0;9
723400;;SUBMISSION;VEV_5100;XIREC;177.0;18
723500;;SUBMISSION;VEV_5100;XIREC;179.0;6
723500;;SUBMISSION;VEV_5100;XIREC;178.0;12
723600;;SUBMISSION;VELVETFRUIT_EXTRACT;XIREC;5262.0;17
723600;;SUBMISSION;VELVETFRUIT_EXTRACT;XIREC;5261.0;33
723600;;SUBMISSION;VEV_4000;XIREC;1254.0;10
723600;;SUBMISSION;VEV_4000;XIREC;1251.0;24
723600;;SUBMISSION;VEV_5000;XIREC;266.0;9
723600;;SUBMISSION;VEV_5000;XIREC;265.0;15
723600;;SUBMISSION;VEV_5100;XIREC;179.0;24
723700;;SUBMISSION;VELVETFRUIT_EXTRACT;XIREC;5262.0;50
723700;;SUBMISSION;VEV_4000;XIREC;1254.0;13
723700;;SUBMISSION;VEV_4000;XIREC;1252.0;21
723700;;SUBMISSION;VEV_4500;XIREC;757.0;7
723700;;SUBMISSION;VEV_4500;XIREC;755.0;24
723700;;SUBMISSION;VEV_5000;XIREC;267.0;7
723700;;SUBMISSION;VEV_5000;XIREC;266.0;24
723700;;SUBMISSION;VEV_5100;XIREC;180.0;7
723700;;SUBMISSION;VEV_5100;XIREC;179.0;24
723800;;SUBMISSION;VELVETFRUIT_EXTRACT;XIREC;5265.0;21
723800;;SUBMISSION;VELVETFRUIT_EXTRACT;XIREC;5264.0;29
723800;;SUBMISSION;VEV_4000;XIREC;1257.0;7
723800;;SUBMISSION;VEV_4000;XIREC;1254.0;24
723800;;SUBMISSION;VEV_4500;XIREC;759.0;7
723800;;SUBMISSION;VEV_4500;XIREC;757.0;17
723800;;SUBMISSION;VEV_5000;XIREC;269.0;7
723800;;SUBMISSION;VEV_5000;XIREC;268.0;17
723800;;SUBMISSION;VEV_5100;XIREC;182.0;7
723800;;SUBMISSION;VEV_5100;XIREC;181.0;17
723900;;SUBMISSION;VELVETFRUIT_EXTRACT;XIREC;5265.0;22
723900;;SUBMISSION;VELVETFRUIT_EXTRACT;XIREC;5264.0;28
723900;;SUBMISSION;VEV_4000;XIREC;1257.0;10
723900;;SUBMISSION;VEV_4000;XIREC;1254.0;15
723900;;SUBMISSION;VEV_4500;XIREC;759.0;9
723900;;SUBMISSION;VEV_4500;XIREC;757.0;12
723900;;SUBMISSION;VEV_5000;XIREC;269.0;9
723900;;SUBMISSION;VEV_5000;XIREC;268.0;12
723900;;SUBMISSION;VEV_5100;XIREC;182.0;21
724000;;SUBMISSION;VELVETFRUIT_EXTRACT;XIREC;5265.0;20
724000;;SUBMISSION;VELVETFRUIT_EXTRACT;XIREC;5264.0;30
724000;;SUBMISSION;VEV_4000;XIREC;1257.0;8
724000;;SUBMISSION;VEV_4000;XIREC;1254.0;28
724000;;SUBMISSION;VEV_4500;XIREC;759.0;7
724000;;SUBMISSION;VEV_4500;XIREC;757.0;15
724000;;SUBMISSION;VEV_5000;XIREC;269.0;7
724000;;SUBMISSION;VEV_5000;XIREC;268.0;15
724000;;SUBMISSION;VEV_5100;XIREC;182.0;22
724100;;SUBMISSION;VELVETFRUIT_EXTRACT;XIREC;5265.0;50
724100;;SUBMISSION;VEV_4000;XIREC;1257.0;13
724100;;SUBMISSION;VEV_4000;XIREC;1255.0;23
724100;;SUBMISSION;VEV_4500;XIREC;760.0;11
724100;;SUBMISSION;VEV_4500;XIREC;758.0;24
724100;;SUBMISSION;VEV_5000;XIREC;269.0;35
724100;;SUBMISSION;VEV_5100;XIREC;182.0;35
724200;;SUBMISSION;VELVETFRUIT_EXTRACT;XIREC;5265.0;50
724200;;SUBMISSION;VEV_4000;XIREC;1267.0;5
724200;;SUBMISSION;VEV_4000;XIREC;1257.0;13
724200;;SUBMISSION;VEV_4000;XIREC;1255.0;19
724200;;SUBMISSION;VEV_4500;XIREC;767.0;5
724200;;SUBMISSION;VEV_4500;XIREC;760.0;11
724200;;SUBMISSION;VEV_4500;XIREC;758.0;20
724200;;SUBMISSION;VEV_5000;XIREC;272.0;5
724200;;SUBMISSION;VEV_5000;XIREC;269.0;31
724200;;SUBMISSION;VEV_5100;XIREC;184.0;5
724200;;SUBMISSION;VEV_5100;XIREC;182.0;31
724300;;SUBMISSION;VELVETFRUIT_EXTRACT;XIREC;5265.0;22
724300;;SUBMISSION;VELVETFRUIT_EXTRACT;XIREC;5264.0;28
724300;;SUBMISSION;VEV_4000;XIREC;1257.0;8
724300;;SUBMISSION;VEV_4000;XIREC;1254.0;30
724300;;SUBMISSION;VEV_4500;XIREC;759.0;9
724300;;SUBMISSION;VEV_4500;XIREC;757.0;16
724300;;SUBMISSION;VEV_5000;XIREC;269.0;9
724300;;SUBMISSION;VEV_5000;XIREC;268.0;16
724300;;SUBMISSION;VEV_5100;XIREC;182.0;25
724400;;SUBMISSION;VEV_4000;XIREC;1257.0;13
724400;;SUBMISSION;VEV_4000;XIREC;1254.0;25
724400;;SUBMISSION;VEV_4500;XIREC;759.0;8
724400;;SUBMISSION;VEV_4500;XIREC;757.0;17
724400;;SUBMISSION;VEV_5000;XIREC;269.0;8
724400;;SUBMISSION;VEV_5000;XIREC;268.0;17
724400;;SUBMISSION;VEV_5100;XIREC;182.0;8
724400;;SUBMISSION;VEV_5100;XIREC;181.0;17
724500;;SUBMISSION;VEV_4000;XIREC;1257.0;15
724500;;SUBMISSION;VEV_4000;XIREC;1255.0;16
724500;;SUBMISSION;VEV_4500;XIREC;760.0;9
724500;;SUBMISSION;VEV_4500;XIREC;758.0;14
724500;;SUBMISSION;VEV_5000;XIREC;269.0;23
724500;;SUBMISSION;VEV_5100;XIREC;182.0;23
724600;;SUBMISSION;VEV_4000;XIREC;1257.0;7
724600;;SUBMISSION;VEV_4000;XIREC;1255.0;18
724600;;SUBMISSION;VEV_4500;XIREC;760.0;8
724600;;SUBMISSION;VEV_4500;XIREC;758.0;19
724600;;SUBMISSION;VEV_5000;XIREC;269.0;27
724600;;SUBMISSION;VEV_5100;XIREC;182.0;27
724700;;SUBMISSION;VEV_4000;XIREC;1258.0;15
724700;;SUBMISSION;VEV_4000;XIREC;1256.0;21
724700;;SUBMISSION;VEV_4500;XIREC;761.0;9
724700;;SUBMISSION;VEV_4500;XIREC;759.0;18
724700;;SUBMISSION;VEV_5000;XIREC;270.0;27
724700;;SUBMISSION;VEV_5100;XIREC;183.0;27
724800;;SUBMISSION;VEV_4000;XIREC;1258.0;13
724800;;SUBMISSION;VEV_4000;XIREC;1255.0;20
724800;;SUBMISSION;VEV_4500;XIREC;760.0;9
724800;;SUBMISSION;VEV_4500;XIREC;758.0;20
724800;;SUBMISSION;VEV_5000;XIREC;270.0;9
724800;;SUBMISSION;VEV_5000;XIREC;269.0;20
724800;;SUBMISSION;VEV_5100;XIREC;183.0;9
724800;;SUBMISSION;VEV_5100;XIREC;182.0;20
724900;;SUBMISSION;VEV_4000;XIREC;1258.0;12
724900;;SUBMISSION;VEV_4000;XIREC;1256.0;29
724900;;SUBMISSION;VEV_4500;XIREC;761.0;9
724900;;SUBMISSION;VEV_4500;XIREC;759.0;19
724900;;SUBMISSION;VEV_5000;XIREC;270.0;28
724900;;SUBMISSION;VEV_5100;XIREC;183.0;28
725000;;SUBMISSION;VEV_4000;XIREC;1258.0;14
725000;;SUBMISSION;VEV_4000;XIREC;1255.0;30
725000;;SUBMISSION;VEV_4500;XIREC;760.0;11
725000;;SUBMISSION;VEV_4500;XIREC;758.0;19
725000;;SUBMISSION;VEV_5000;XIREC;270.0;11
725000;;SUBMISSION;VEV_5000;XIREC;269.0;19
725000;;SUBMISSION;VEV_5100;XIREC;183.0;30
725000;;;VELVETFRUIT_EXTRACT;XIREC;5266.0;4
725100;;SUBMISSION;VEV_4000;XIREC;1257.0;12
725100;;SUBMISSION;VEV_4000;XIREC;1255.0;16
725100;;SUBMISSION;VEV_4500;XIREC;760.0;11
725100;;SUBMISSION;VEV_4500;XIREC;758.0;23
725100;;SUBMISSION;VEV_5000;XIREC;269.0;34
725100;;SUBMISSION;VEV_5100;XIREC;182.0;34
725200;;SUBMISSION;VEV_4000;XIREC;1256.0;9
725200;;SUBMISSION;VEV_4000;XIREC;1254.0;26
725200;;SUBMISSION;VEV_4500;XIREC;759.0;11
725200;;SUBMISSION;VEV_4500;XIREC;757.0;14
725200;;SUBMISSION;VEV_5000;XIREC;269.0;11
725200;;SUBMISSION;VEV_5000;XIREC;268.0;14
725200;;SUBMISSION;VEV_5100;XIREC;182.0;11
725200;;SUBMISSION;VEV_5100;XIREC;181.0;14
725300;;SUBMISSION;VEV_4000;XIREC;1256.0;13
725300;;SUBMISSION;VEV_4000;XIREC;1253.0;5
725300;;SUBMISSION;VEV_4500;XIREC;758.0;9
725300;;SUBMISSION;VEV_4500;XIREC;756.0;14
725300;;SUBMISSION;VEV_5000;XIREC;268.0;23
725300;;SUBMISSION;VEV_5100;XIREC;181.0;23
725400;;SUBMISSION;VEV_4500;XIREC;757.0;10
725400;;SUBMISSION;VEV_4500;XIREC;756.0;18
725400;;SUBMISSION;VEV_5000;XIREC;267.0;28
725400;;SUBMISSION;VEV_5100;XIREC;181.0;10
725400;;SUBMISSION;VEV_5100;XIREC;180.0;17
725500;;SUBMISSION;VEV_4500;XIREC;758.0;10
725500;;SUBMISSION;VEV_4500;XIREC;756.0;15
725500;;SUBMISSION;VEV_5000;XIREC;268.0;10
725500;;SUBMISSION;VEV_5000;XIREC;267.0;15
725600;;SUBMISSION;VEV_4500;XIREC;759.0;9
725600;;SUBMISSION;VEV_4500;XIREC;757.0;15
725600;;SUBMISSION;VEV_5000;XIREC;269.0;9
725600;;SUBMISSION;VEV_5000;XIREC;268.0;15
725700;;SUBMISSION;VEV_4500;XIREC;759.0;7
725700;;SUBMISSION;VEV_4500;XIREC;757.0;17
725700;;SUBMISSION;VEV_5000;XIREC;269.0;7
725700;;SUBMISSION;VEV_5000;XIREC;268.0;17
725800;;SUBMISSION;VEV_4500;XIREC;759.0;9
725800;;SUBMISSION;VEV_4500;XIREC;757.0;20
725800;;SUBMISSION;VEV_5000;XIREC;269.0;9
725800;;SUBMISSION;VEV_5000;XIREC;268.0;1
725900;;SUBMISSION;VEV_4500;XIREC;760.0;5
727400;;;VELVETFRUIT_EXTRACT;XIREC;5270.0;6
729100;;;VEV_5400;XIREC;20.0;3
729100;;;VEV_5500;XIREC;9.0;3
729100;;;VEV_6000;XIREC;0.0;3
729100;;;VEV_6500;XIREC;0.0;3
731500;;;VELVETFRUIT_EXTRACT;XIREC;5275.0;7
732600;;SUBMISSION;HYDROGEL_PACK;XIREC;10030.0;3
732700;;;VELVETFRUIT_EXTRACT;XIREC;5268.0;8
735100;;SUBMISSION;HYDROGEL_PACK;XIREC;10038.0;5
735800;;;VELVETFRUIT_EXTRACT;XIREC;5269.0;3
735900;;;VEV_4000;XIREC;1260.0;2
736700;;;VEV_5400;XIREC;20.0;2
736700;;;VEV_5500;XIREC;9.0;2
736700;;;VEV_6000;XIREC;0.0;2
736700;;;VEV_6500;XIREC;0.0;2
736800;;;VEV_5500;XIREC;9.0;2
736800;;;VEV_6000;XIREC;0.0;2
736800;;;VEV_6500;XIREC;0.0;2
738300;;;HYDROGEL_PACK;XIREC;10037.0;5
738400;;SUBMISSION;HYDROGEL_PACK;XIREC;10053.0;2
739100;;;VEV_4000;XIREC;1281.0;3
740800;;SUBMISSION;HYDROGEL_PACK;XIREC;10057.0;3
741100;;;VELVETFRUIT_EXTRACT;XIREC;5269.0;9
741300;;SUBMISSION;HYDROGEL_PACK;XIREC;10056.0;2
744700;;;VELVETFRUIT_EXTRACT;XIREC;5272.0;6
746600;;;VELVETFRUIT_EXTRACT;XIREC;5269.0;7
746800;;;VELVETFRUIT_EXTRACT;XIREC;5275.0;4
748000;;;VELVETFRUIT_EXTRACT;XIREC;5278.0;7
748000;;;VEV_4000;XIREC;1286.0;1
748800;;SUBMISSION;HYDROGEL_PACK;XIREC;10037.0;6
750300;;SUBMISSION;HYDROGEL_PACK;XIREC;10028.0;4
750300;;;VELVETFRUIT_EXTRACT;XIREC;5279.0;6
754800;;SUBMISSION;HYDROGEL_PACK;XIREC;10048.0;3
755900;;SUBMISSION;HYDROGEL_PACK;XIREC;10046.0;2
756100;;;VELVETFRUIT_EXTRACT;XIREC;5270.0;14
757300;;;VEV_6000;XIREC;0.0;5
757300;;;VEV_6500;XIREC;0.0;5
758600;;;VELVETFRUIT_EXTRACT;XIREC;5275.0;3
758800;;;VELVETFRUIT_EXTRACT;XIREC;5273.0;6
760300;;SUBMISSION;HYDROGEL_PACK;XIREC;10024.0;3
760300;;;HYDROGEL_PACK;XIREC;10025.0;3
761600;;;VELVETFRUIT_EXTRACT;XIREC;5259.0;4
761600;;;VEV_4000;XIREC;1245.0;3
762000;;;VEV_4000;XIREC;1267.0;2
762200;;;HYDROGEL_PACK;XIREC;10003.0;3
762500;;;VEV_4000;XIREC;1266.0;2
762800;;;HYDROGEL_PACK;XIREC;10002.0;5
763000;;SUBMISSION;HYDROGEL_PACK;XIREC;10017.0;2
763000;;;HYDROGEL_PACK;XIREC;10018.0;2
764200;SUBMISSION;;HYDROGEL_PACK;XIREC;9996.0;4
764300;;;VELVETFRUIT_EXTRACT;XIREC;5258.0;7
764400;SUBMISSION;;HYDROGEL_PACK;XIREC;9995.0;5
765200;;;VEV_4000;XIREC;1271.0;3
769300;;;VEV_5400;XIREC;18.0;5
769300;;;VEV_5500;XIREC;9.0;5
769300;;;VEV_6000;XIREC;0.0;5
769300;;;VEV_6500;XIREC;0.0;5
769500;;SUBMISSION;HYDROGEL_PACK;XIREC;10021.0;3
770000;;;VELVETFRUIT_EXTRACT;XIREC;5265.0;3
772300;;;VELVETFRUIT_EXTRACT;XIREC;5259.0;10
773400;;SUBMISSION;HYDROGEL_PACK;XIREC;10004.0;2
773400;;;HYDROGEL_PACK;XIREC;10005.0;4
774500;;;VELVETFRUIT_EXTRACT;XIREC;5264.0;8
775200;;;VELVETFRUIT_EXTRACT;XIREC;5257.0;3
776900;SUBMISSION;;HYDROGEL_PACK;XIREC;10000.0;4
777400;;;VELVETFRUIT_EXTRACT;XIREC;5255.0;4
778400;SUBMISSION;;HYDROGEL_PACK;XIREC;10000.0;6
778700;;SUBMISSION;HYDROGEL_PACK;XIREC;10010.0;4
779000;;SUBMISSION;HYDROGEL_PACK;XIREC;10009.0;3
779000;;;HYDROGEL_PACK;XIREC;10010.0;1
779600;;;VEV_5400;XIREC;17.0;4
779600;;;VEV_5500;XIREC;8.0;4
779600;;;VEV_6000;XIREC;0.0;4
779600;;;VEV_6500;XIREC;0.0;4
780100;;SUBMISSION;HYDROGEL_PACK;XIREC;10019.0;4
780900;;;VEV_4000;XIREC;1258.0;2
781500;;;VELVETFRUIT_EXTRACT;XIREC;5247.0;7
783500;SUBMISSION;;HYDROGEL_PACK;XIREC;9995.0;5
783500;;;VELVETFRUIT_EXTRACT;XIREC;5249.0;7
783600;SUBMISSION;;HYDROGEL_PACK;XIREC;9992.0;11
783600;SUBMISSION;;HYDROGEL_PACK;XIREC;9995.0;1
783700;SUBMISSION;;HYDROGEL_PACK;XIREC;9993.0;10
783800;SUBMISSION;;HYDROGEL_PACK;XIREC;9997.0;1
784600;;;VELVETFRUIT_EXTRACT;XIREC;5244.0;8
785300;SUBMISSION;;HYDROGEL_PACK;XIREC;9986.0;6
785500;SUBMISSION;;HYDROGEL_PACK;XIREC;9997.0;1
785800;SUBMISSION;;HYDROGEL_PACK;XIREC;9991.0;7
786100;SUBMISSION;;HYDROGEL_PACK;XIREC;9997.0;2
786200;SUBMISSION;;HYDROGEL_PACK;XIREC;9994.0;9
786300;SUBMISSION;;HYDROGEL_PACK;XIREC;9994.0;9
786400;SUBMISSION;;HYDROGEL_PACK;XIREC;9996.0;4
786600;SUBMISSION;;HYDROGEL_PACK;XIREC;9996.0;5
786700;SUBMISSION;;HYDROGEL_PACK;XIREC;9994.0;9
786800;SUBMISSION;;HYDROGEL_PACK;XIREC;9995.0;7
786900;SUBMISSION;;HYDROGEL_PACK;XIREC;9995.0;7
787300;;;VEV_4000;XIREC;1237.0;3
791300;;;VEV_5400;XIREC;15.0;3
791300;;;VEV_5500;XIREC;7.0;3
791300;;;VEV_6000;XIREC;0.0;3
791300;;;VEV_6500;XIREC;0.0;3
792300;;;VELVETFRUIT_EXTRACT;XIREC;5239.0;5
793000;;;VELVETFRUIT_EXTRACT;XIREC;5247.0;6
793800;;SUBMISSION;HYDROGEL_PACK;XIREC;10012.0;4
793900;;;VELVETFRUIT_EXTRACT;XIREC;5241.0;6
794900;SUBMISSION;;HYDROGEL_PACK;XIREC;9992.0;4
795500;SUBMISSION;;HYDROGEL_PACK;XIREC;9997.0;9
795600;SUBMISSION;;HYDROGEL_PACK;XIREC;9998.0;6
795700;SUBMISSION;;HYDROGEL_PACK;XIREC;9998.0;6
795700;SUBMISSION;;HYDROGEL_PACK;XIREC;9983.0;4
795800;SUBMISSION;;HYDROGEL_PACK;XIREC;9998.0;6
796100;SUBMISSION;;HYDROGEL_PACK;XIREC;9999.0;3
796800;;;VELVETFRUIT_EXTRACT;XIREC;5242.0;7
797900;;;VELVETFRUIT_EXTRACT;XIREC;5241.0;5
798400;;;VELVETFRUIT_EXTRACT;XIREC;5246.0;5
799200;;SUBMISSION;HYDROGEL_PACK;XIREC;10004.0;6
799800;;;VELVETFRUIT_EXTRACT;XIREC;5245.0;6
800600;;;VELVETFRUIT_EXTRACT;XIREC;5247.0;4
800800;SUBMISSION;;HYDROGEL_PACK;XIREC;9999.0;6
800900;SUBMISSION;;HYDROGEL_PACK;XIREC;10000.0;3
801900;SUBMISSION;;HYDROGEL_PACK;XIREC;9999.0;7
802000;SUBMISSION;;HYDROGEL_PACK;XIREC;9998.0;10
802100;SUBMISSION;;HYDROGEL_PACK;XIREC;9998.0;10
802200;SUBMISSION;;HYDROGEL_PACK;XIREC;10001.0;1
802300;SUBMISSION;;HYDROGEL_PACK;XIREC;10000.0;4
802300;SUBMISSION;;HYDROGEL_PACK;XIREC;9985.0;2
802300;;;VEV_4000;XIREC;1261.0;2
802400;SUBMISSION;;HYDROGEL_PACK;XIREC;9997.0;12
802400;SUBMISSION;;HYDROGEL_PACK;XIREC;10000.0;1
802400;;;HYDROGEL_PACK;XIREC;9997.0;6
802500;SUBMISSION;;HYDROGEL_PACK;XIREC;9997.0;12
802500;SUBMISSION;;HYDROGEL_PACK;XIREC;9999.0;1
802600;SUBMISSION;;HYDROGEL_PACK;XIREC;9996.0;12
802600;SUBMISSION;;HYDROGEL_PACK;XIREC;9999.0;4
802700;SUBMISSION;;HYDROGEL_PACK;XIREC;9998.0;10
802800;SUBMISSION;;HYDROGEL_PACK;XIREC;10001.0;1
802900;SUBMISSION;;HYDROGEL_PACK;XIREC;9999.0;7
803000;SUBMISSION;;HYDROGEL_PACK;XIREC;10000.0;4
803100;SUBMISSION;;HYDROGEL_PACK;XIREC;10000.0;4
803200;SUBMISSION;;HYDROGEL_PACK;XIREC;10001.0;1
803300;SUBMISSION;;HYDROGEL_PACK;XIREC;10000.0;4
804000;SUBMISSION;;HYDROGEL_PACK;XIREC;10001.0;1
804100;SUBMISSION;;HYDROGEL_PACK;XIREC;9999.0;8
804200;SUBMISSION;;HYDROGEL_PACK;XIREC;9999.0;8
804300;SUBMISSION;;HYDROGEL_PACK;XIREC;9999.0;8
804400;SUBMISSION;;HYDROGEL_PACK;XIREC;9998.0;11
804500;SUBMISSION;;HYDROGEL_PACK;XIREC;9999.0;8
804600;SUBMISSION;;HYDROGEL_PACK;XIREC;10000.0;5
804700;SUBMISSION;;HYDROGEL_PACK;XIREC;9997.0;12
804700;SUBMISSION;;HYDROGEL_PACK;XIREC;9999.0;2
804800;SUBMISSION;;HYDROGEL_PACK;XIREC;9996.0;10
804800;SUBMISSION;;HYDROGEL_PACK;XIREC;9981.0;4
805000;;;HYDROGEL_PACK;XIREC;9998.0;5
805300;SUBMISSION;;HYDROGEL_PACK;XIREC;9994.0;4
805400;SUBMISSION;;HYDROGEL_PACK;XIREC;9993.0;4
805900;SUBMISSION;;HYDROGEL_PACK;XIREC;9978.0;3
806000;;;HYDROGEL_PACK;XIREC;9993.0;5
806200;SUBMISSION;;HYDROGEL_PACK;XIREC;9991.0;3
806200;SUBMISSION;;HYDROGEL_PACK;XIREC;9976.0;4
806500;SUBMISSION;;HYDROGEL_PACK;XIREC;9988.0;7
806600;SUBMISSION;;HYDROGEL_PACK;XIREC;9987.0;3
806700;SUBMISSION;;HYDROGEL_PACK;XIREC;9985.0;7
806800;SUBMISSION;;HYDROGEL_PACK;XIREC;9983.0;2
807100;;;VELVETFRUIT_EXTRACT;XIREC;5244.0;8
808600;;;VEV_4000;XIREC;1252.0;1
809500;;;VELVETFRUIT_EXTRACT;XIREC;5242.0;5
810000;;;VEV_5300;XIREC;47.0;5
810000;;;VEV_5400;XIREC;15.0;5
810000;;;VEV_6000;XIREC;0.0;5
810000;;;VEV_6500;XIREC;0.0;5
810200;SUBMISSION;;HYDROGEL_PACK;XIREC;9970.0;5
810600;;;VELVETFRUIT_EXTRACT;XIREC;5247.0;4
812700;;;VELVETFRUIT_EXTRACT;XIREC;5250.0;7
815500;;;VELVETFRUIT_EXTRACT;XIREC;5249.0;7
816900;;;VELVETFRUIT_EXTRACT;XIREC;5255.0;5
818500;;;VELVETFRUIT_EXTRACT;XIREC;5256.0;3
819500;;;VELVETFRUIT_EXTRACT;XIREC;5250.0;14
819800;;;VEV_4000;XIREC;1266.0;2
821700;;;VELVETFRUIT_EXTRACT;XIREC;5256.0;8
822000;;;VELVETFRUIT_EXTRACT;XIREC;5253.0;8
822400;;;VELVETFRUIT_EXTRACT;XIREC;5250.0;8
822700;;;VELVETFRUIT_EXTRACT;XIREC;5255.0;10
824000;;;HYDROGEL_PACK;XIREC;9985.0;6
824700;;;VELVETFRUIT_EXTRACT;XIREC;5249.0;8
825200;;;VELVETFRUIT_EXTRACT;XIREC;5244.0;3
825600;;;HYDROGEL_PACK;XIREC;9987.0;5
827000;;;VELVETFRUIT_EXTRACT;XIREC;5257.0;8
829700;;;VEV_4000;XIREC;1272.0;2
830800;;;VEV_4000;XIREC;1269.0;3
830900;;;VELVETFRUIT_EXTRACT;XIREC;5254.0;7
831400;;;VELVETFRUIT_EXTRACT;XIREC;5258.0;8
831800;;;VEV_4000;XIREC;1266.0;2
832500;;;VELVETFRUIT_EXTRACT;XIREC;5255.0;14
832700;;;HYDROGEL_PACK;XIREC;9995.0;2
832900;;;HYDROGEL_PACK;XIREC;9991.0;5
835500;;;VEV_5300;XIREC;50.0;5
835500;;;VEV_5400;XIREC;17.0;5
835500;;;VEV_5500;XIREC;8.0;5
835500;;;VEV_6000;XIREC;0.0;5
835500;;;VEV_6500;XIREC;0.0;5
836300;;;VELVETFRUIT_EXTRACT;XIREC;5252.0;7
838200;;;VELVETFRUIT_EXTRACT;XIREC;5259.0;6
838500;;;VELVETFRUIT_EXTRACT;XIREC;5255.0;5
838800;;;VELVETFRUIT_EXTRACT;XIREC;5259.0;5
840700;;;VELVETFRUIT_EXTRACT;XIREC;5260.0;13
841500;SUBMISSION;;HYDROGEL_PACK;XIREC;9984.0;2
841600;;;VEV_4000;XIREC;1246.0;3
841900;;;VELVETFRUIT_EXTRACT;XIREC;5259.0;3
842800;;;VELVETFRUIT_EXTRACT;XIREC;5256.0;8
842900;;;VEV_5300;XIREC;50.0;5
842900;;;VEV_5400;XIREC;17.0;5
842900;;;VEV_5500;XIREC;8.0;5
842900;;;VEV_6000;XIREC;0.0;5
842900;;;VEV_6500;XIREC;0.0;5
843000;;SUBMISSION;HYDROGEL_PACK;XIREC;10015.0;3
844000;;;VELVETFRUIT_EXTRACT;XIREC;5254.0;7
844600;;SUBMISSION;HYDROGEL_PACK;XIREC;10005.0;4
845100;;;VEV_5500;XIREC;8.0;5
845100;;;VEV_6000;XIREC;0.0;5
845100;;;VEV_6500;XIREC;0.0;5
847900;;;VEV_4000;XIREC;1248.0;3
850400;;SUBMISSION;HYDROGEL_PACK;XIREC;10013.0;6
851700;;;VELVETFRUIT_EXTRACT;XIREC;5252.0;4
852400;SUBMISSION;;HYDROGEL_PACK;XIREC;9999.0;2
852600;;;VEV_4000;XIREC;1243.0;1
852800;;SUBMISSION;HYDROGEL_PACK;XIREC;10014.0;6
852800;;SUBMISSION;HYDROGEL_PACK;XIREC;10007.0;10
852800;;SUBMISSION;HYDROGEL_PACK;XIREC;10004.0;7
852900;;SUBMISSION;HYDROGEL_PACK;XIREC;10008.0;14
852900;;SUBMISSION;HYDROGEL_PACK;XIREC;10005.0;1
853000;;SUBMISSION;HYDROGEL_PACK;XIREC;10007.0;12
853100;;SUBMISSION;HYDROGEL_PACK;XIREC;10008.0;14
853100;;SUBMISSION;HYDROGEL_PACK;XIREC;10005.0;1
853200;;SUBMISSION;HYDROGEL_PACK;XIREC;10017.0;10
853200;;SUBMISSION;HYDROGEL_PACK;XIREC;10010.0;13
853200;;SUBMISSION;HYDROGEL_PACK;XIREC;10007.0;9
853300;;SUBMISSION;HYDROGEL_PACK;XIREC;10009.0;10
853300;;SUBMISSION;HYDROGEL_PACK;XIREC;10006.0;8
853400;;SUBMISSION;HYDROGEL_PACK;XIREC;10009.0;12
853400;;SUBMISSION;HYDROGEL_PACK;XIREC;10006.0;6
853500;;SUBMISSION;HYDROGEL_PACK;XIREC;10009.0;15
853500;;SUBMISSION;HYDROGEL_PACK;XIREC;10007.0;3
853600;;SUBMISSION;HYDROGEL_PACK;XIREC;10010.0;11
853600;;SUBMISSION;HYDROGEL_PACK;XIREC;10007.0;10
853700;;SUBMISSION;HYDROGEL_PACK;XIREC;10009.0;11
853700;;SUBMISSION;HYDROGEL_PACK;XIREC;10007.0;7
853800;;SUBMISSION;HYDROGEL_PACK;XIREC;10008.0;14
853800;;SUBMISSION;HYDROGEL_PACK;XIREC;10005.0;1
853800;;;VEV_4000;XIREC;1265.0;1
853900;;SUBMISSION;HYDROGEL_PACK;XIREC;10008.0;11
853900;;SUBMISSION;HYDROGEL_PACK;XIREC;10006.0;4
854000;;SUBMISSION;HYDROGEL_PACK;XIREC;10012.0;12
854000;;SUBMISSION;HYDROGEL_PACK;XIREC;10009.0;15
854100;;SUBMISSION;HYDROGEL_PACK;XIREC;10010.0;11
854100;;SUBMISSION;HYDROGEL_PACK;XIREC;10007.0;10
854200;;SUBMISSION;HYDROGEL_PACK;XIREC;10009.0;12
855700;;SUBMISSION;HYDROGEL_PACK;XIREC;10010.0;3
856000;;SUBMISSION;HYDROGEL_PACK;XIREC;10011.0;4
856500;;SUBMISSION;HYDROGEL_PACK;XIREC;10012.0;3
856600;;SUBMISSION;HYDROGEL_PACK;XIREC;10015.0;11
856600;;;VELVETFRUIT_EXTRACT;XIREC;5257.0;10
859100;;;HYDROGEL_PACK;XIREC;10011.0;6
859100;;;VEV_5300;XIREC;49.0;2
859100;;;VEV_5400;XIREC;17.0;2
859100;;;VEV_5500;XIREC;8.0;2
859100;;;VEV_6000;XIREC;0.0;2
859100;;;VEV_6500;XIREC;0.0;2
859300;;;VEV_5300;XIREC;50.0;2
859300;;;VEV_5400;XIREC;18.0;2
859300;;;VEV_5500;XIREC;8.0;2
859300;;;VEV_6000;XIREC;0.0;2
859300;;;VEV_6500;XIREC;0.0;2
859700;;;HYDROGEL_PACK;XIREC;10006.0;4
860500;;SUBMISSION;HYDROGEL_PACK;XIREC;10015.0;4
861800;;;VELVETFRUIT_EXTRACT;XIREC;5256.0;3
862100;SUBMISSION;;HYDROGEL_PACK;XIREC;10000.0;5
862100;;;VEV_4000;XIREC;1261.0;3
862500;;;VEV_5400;XIREC;17.0;2
862500;;;VEV_5500;XIREC;7.0;2
862500;;;VEV_6000;XIREC;0.0;2
862500;;;VEV_6500;XIREC;0.0;2
863700;;;VELVETFRUIT_EXTRACT;XIREC;5255.0;5
864800;SUBMISSION;;HYDROGEL_PACK;XIREC;10001.0;6
864800;;;VEV_4000;XIREC;1258.0;3
864900;;;VELVETFRUIT_EXTRACT;XIREC;5251.0;7
866200;;;VELVETFRUIT_EXTRACT;XIREC;5255.0;3
867200;;SUBMISSION;HYDROGEL_PACK;XIREC;10019.0;3
868000;;;HYDROGEL_PACK;XIREC;10004.0;3
868200;;;HYDROGEL_PACK;XIREC;10007.0;2
869000;;;VELVETFRUIT_EXTRACT;XIREC;5265.0;5
869500;;;VEV_4000;XIREC;1259.0;1
870200;;;VELVETFRUIT_EXTRACT;XIREC;5271.0;6
870200;;;VEV_4000;XIREC;1279.0;3
871100;;;VELVETFRUIT_EXTRACT;XIREC;5270.0;4
871200;;;VELVETFRUIT_EXTRACT;XIREC;5264.0;9
873100;;SUBMISSION;HYDROGEL_PACK;XIREC;10011.0;3
873700;;;VEV_5500;XIREC;9.0;4
873700;;;VEV_6000;XIREC;0.0;4
873700;;;VEV_6500;XIREC;0.0;4
874800;SUBMISSION;;HYDROGEL_PACK;XIREC;9991.0;4
875600;;;VEV_4000;XIREC;1268.0;1
876100;SUBMISSION;;HYDROGEL_PACK;XIREC;9990.0;6
876200;SUBMISSION;;HYDROGEL_PACK;XIREC;10002.0;3
878600;;;VELVETFRUIT_EXTRACT;XIREC;5260.0;5
880800;;;VELVETFRUIT_EXTRACT;XIREC;5258.0;5
881800;;SUBMISSION;HYDROGEL_PACK;XIREC;10007.0;3
882000;;SUBMISSION;HYDROGEL_PACK;XIREC;10010.0;13
882000;;SUBMISSION;HYDROGEL_PACK;XIREC;10007.0;2
882400;;SUBMISSION;HYDROGEL_PACK;XIREC;10012.0;8
882600;;;VELVETFRUIT_EXTRACT;XIREC;5251.0;10
882800;;;VELVETFRUIT_EXTRACT;XIREC;5248.0;8
883100;;SUBMISSION;HYDROGEL_PACK;XIREC;10014.0;7
883900;;;HYDROGEL_PACK;XIREC;10015.0;3
884000;;;VEV_5400;XIREC;17.0;5
884000;;;VEV_5500;XIREC;8.0;5
884000;;;VEV_6000;XIREC;0.0;5
884000;;;VEV_6500;XIREC;0.0;5
884500;;;HYDROGEL_PACK;XIREC;10017.0;2
885300;;;HYDROGEL_PACK;XIREC;10019.0;5
885400;;;VEV_4000;XIREC;1263.0;1
885800;;;VELVETFRUIT_EXTRACT;XIREC;5250.0;5
886200;;SUBMISSION;HYDROGEL_PACK;XIREC;10038.0;5
886700;;;VELVETFRUIT_EXTRACT;XIREC;5252.0;6
886700;;;VEV_4000;XIREC;1242.0;2
889300;;SUBMISSION;HYDROGEL_PACK;XIREC;10047.0;3
890900;;;VEV_4000;XIREC;1264.0;3
891000;;;VEV_4000;XIREC;1265.0;1
891400;;;VELVETFRUIT_EXTRACT;XIREC;5255.0;6
891500;;;VEV_4000;XIREC;1248.0;3
893500;;;VELVETFRUIT_EXTRACT;XIREC;5254.0;3
893800;;;VELVETFRUIT_EXTRACT;XIREC;5253.0;5
895100;;;VELVETFRUIT_EXTRACT;XIREC;5255.0;5
895800;;;VEV_6000;XIREC;0.0;3
895800;;;VEV_6500;XIREC;0.0;3
898300;;;VELVETFRUIT_EXTRACT;XIREC;5259.0;8
898800;;;HYDROGEL_PACK;XIREC;10002.0;5
899800;;;VEV_4000;XIREC;1248.0;3
901100;SUBMISSION;;HYDROGEL_PACK;XIREC;9997.0;2
901200;SUBMISSION;;HYDROGEL_PACK;XIREC;9995.0;7
901300;SUBMISSION;;HYDROGEL_PACK;XIREC;9993.0;11
901400;SUBMISSION;;HYDROGEL_PACK;XIREC;9991.0;13
901400;SUBMISSION;;HYDROGEL_PACK;XIREC;9994.0;3
901500;SUBMISSION;;HYDROGEL_PACK;XIREC;9991.0;15
901500;SUBMISSION;;HYDROGEL_PACK;XIREC;9994.0;1
901600;SUBMISSION;;HYDROGEL_PACK;XIREC;9990.0;15
901600;SUBMISSION;;HYDROGEL_PACK;XIREC;9992.0;3
901700;SUBMISSION;;HYDROGEL_PACK;XIREC;9992.0;13
901800;SUBMISSION;;HYDROGEL_PACK;XIREC;9990.0;12
901800;SUBMISSION;;HYDROGEL_PACK;XIREC;9993.0;6
901900;SUBMISSION;;HYDROGEL_PACK;XIREC;9992.0;10
901900;SUBMISSION;;HYDROGEL_PACK;XIREC;9995.0;3
902000;SUBMISSION;;HYDROGEL_PACK;XIREC;9991.0;12
902000;SUBMISSION;;HYDROGEL_PACK;XIREC;9993.0;3
902100;SUBMISSION;;HYDROGEL_PACK;XIREC;9989.0;13
902100;SUBMISSION;;HYDROGEL_PACK;XIREC;9992.0;7
902200;SUBMISSION;;HYDROGEL_PACK;XIREC;9989.0;15
902200;SUBMISSION;;HYDROGEL_PACK;XIREC;9992.0;5
902300;SUBMISSION;;HYDROGEL_PACK;XIREC;9987.0;12
902300;SUBMISSION;;HYDROGEL_PACK;XIREC;9990.0;3
902400;SUBMISSION;;HYDROGEL_PACK;XIREC;9985.0;14
902400;SUBMISSION;;HYDROGEL_PACK;XIREC;9988.0;15
902500;SUBMISSION;;HYDROGEL_PACK;XIREC;9988.0;15
902500;SUBMISSION;;HYDROGEL_PACK;XIREC;9990.0;7
902600;SUBMISSION;;HYDROGEL_PACK;XIREC;9987.0;14
902600;SUBMISSION;;HYDROGEL_PACK;XIREC;9989.0;10
902700;SUBMISSION;;HYDROGEL_PACK;XIREC;9988.0;11
902700;SUBMISSION;;HYDROGEL_PACK;XIREC;9990.0;11
902800;SUBMISSION;;HYDROGEL_PACK;XIREC;9987.0;10
902800;SUBMISSION;;HYDROGEL_PACK;XIREC;9990.0;8
902900;SUBMISSION;;HYDROGEL_PACK;XIREC;9979.0;7
902900;SUBMISSION;;HYDROGEL_PACK;XIREC;9987.0;4
903200;SUBMISSION;;HYDROGEL_PACK;XIREC;9977.0;5
903400;SUBMISSION;;HYDROGEL_PACK;XIREC;9980.0;2
904700;;;VELVETFRUIT_EXTRACT;XIREC;5239.0;7
908000;;;HYDROGEL_PACK;XIREC;9980.0;4
908800;;;VELVETFRUIT_EXTRACT;XIREC;5243.0;7
909100;;;VELVETFRUIT_EXTRACT;XIREC;5243.0;3
910400;;;VELVETFRUIT_EXTRACT;XIREC;5247.0;5
910900;SUBMISSION;;HYDROGEL_PACK;XIREC;9974.0;5
912300;SUBMISSION;;HYDROGEL_PACK;XIREC;9976.0;2
912400;;;VEV_5300;XIREC;52.0;4
912400;;;VEV_6000;XIREC;0.0;4
912400;;;VEV_6500;XIREC;0.0;4
912800;;;VELVETFRUIT_EXTRACT;XIREC;5259.0;5
913400;;;VELVETFRUIT_EXTRACT;XIREC;5267.0;5
913800;;;VELVETFRUIT_EXTRACT;XIREC;5260.0;7
914400;;;VELVETFRUIT_EXTRACT;XIREC;5256.0;7
914600;;;VEV_4000;XIREC;1249.0;2
915000;;;VELVETFRUIT_EXTRACT;XIREC;5257.0;7
916300;SUBMISSION;;HYDROGEL_PACK;XIREC;9968.0;5
916300;;;VELVETFRUIT_EXTRACT;XIREC;5259.0;6
916900;;;VEV_4000;XIREC;1246.0;1
917000;SUBMISSION;;HYDROGEL_PACK;XIREC;9960.0;3
917000;;;VELVETFRUIT_EXTRACT;XIREC;5259.0;4
918600;SUBMISSION;;HYDROGEL_PACK;XIREC;9963.0;5
919500;;;VEV_5400;XIREC;18.0;4
919500;;;VEV_5500;XIREC;8.0;4
919500;;;VEV_6000;XIREC;0.0;4
919500;;;VEV_6500;XIREC;0.0;4
920500;;;VELVETFRUIT_EXTRACT;XIREC;5255.0;8
920600;;;VELVETFRUIT_EXTRACT;XIREC;5254.0;7
920900;;;HYDROGEL_PACK;XIREC;9987.0;6
922000;;;VELVETFRUIT_EXTRACT;XIREC;5260.0;6
922400;SUBMISSION;;HYDROGEL_PACK;XIREC;9972.0;6
923100;;;HYDROGEL_PACK;XIREC;9995.0;5
923400;;;VEV_4000;XIREC;1258.0;3
924000;;;HYDROGEL_PACK;XIREC;9989.0;6
924900;;;HYDROGEL_PACK;XIREC;9997.0;6
925100;;;VELVETFRUIT_EXTRACT;XIREC;5279.0;4
925200;;;VELVETFRUIT_EXTRACT;XIREC;5279.0;4
925600;;;VELVETFRUIT_EXTRACT;XIREC;5273.0;6
925800;;;VEV_4000;XIREC;1284.0;3
928400;;SUBMISSION;HYDROGEL_PACK;XIREC;10007.0;6
928800;;;VELVETFRUIT_EXTRACT;XIREC;5273.0;5
930100;;;VEV_4000;XIREC;1281.0;2
930900;;;VELVETFRUIT_EXTRACT;XIREC;5264.0;6
932300;;;VEV_4000;XIREC;1256.0;2
932600;;;VELVETFRUIT_EXTRACT;XIREC;5262.0;8
932900;SUBMISSION;;HYDROGEL_PACK;XIREC;9995.0;3
933200;;;VELVETFRUIT_EXTRACT;XIREC;5266.0;4
934000;;;VEV_4000;XIREC;1251.0;2
935100;;;VELVETFRUIT_EXTRACT;XIREC;5259.0;4
936200;;;VELVETFRUIT_EXTRACT;XIREC;5257.0;7
937400;;;VELVETFRUIT_EXTRACT;XIREC;5265.0;3
937600;;;VELVETFRUIT_EXTRACT;XIREC;5258.0;3
937800;;;VEV_4000;XIREC;1248.0;1
938300;;;VELVETFRUIT_EXTRACT;XIREC;5254.0;4
938600;;;VELVETFRUIT_EXTRACT;XIREC;5254.0;6
939100;SUBMISSION;;HYDROGEL_PACK;XIREC;9995.0;5
939400;;;VELVETFRUIT_EXTRACT;XIREC;5255.0;8
940000;;;VEV_4000;XIREC;1264.0;1
940700;;SUBMISSION;HYDROGEL_PACK;XIREC;10007.0;3
941200;;;VEV_5400;XIREC;17.0;2
941200;;;VEV_6000;XIREC;0.0;2
941200;;;VEV_6500;XIREC;0.0;2
941400;;;VEV_4000;XIREC;1261.0;2
942000;;SUBMISSION;HYDROGEL_PACK;XIREC;10009.0;2
943300;SUBMISSION;;HYDROGEL_PACK;XIREC;9998.0;3
944100;SUBMISSION;;HYDROGEL_PACK;XIREC;9999.0;4
945000;;;VEV_4000;XIREC;1236.0;2
946100;;SUBMISSION;HYDROGEL_PACK;XIREC;10006.0;5
946200;;SUBMISSION;HYDROGEL_PACK;XIREC;10005.0;3
946300;;SUBMISSION;HYDROGEL_PACK;XIREC;10006.0;5
946400;;SUBMISSION;HYDROGEL_PACK;XIREC;10006.0;5
946400;;;VEV_4000;XIREC;1255.0;2
946500;;SUBMISSION;HYDROGEL_PACK;XIREC;10009.0;12
946500;;SUBMISSION;HYDROGEL_PACK;XIREC;10006.0;1
946600;;SUBMISSION;HYDROGEL_PACK;XIREC;10007.0;8
946600;;;VEV_5300;XIREC;45.0;4
946600;;;VEV_5500;XIREC;7.0;4
946600;;;VEV_6000;XIREC;0.0;4
946600;;;VEV_6500;XIREC;0.0;4
947500;;;VELVETFRUIT_EXTRACT;XIREC;5242.0;8
947800;;;VEV_5200;XIREC;95.0;5
947800;;;VEV_5400;XIREC;16.0;5
947800;;;VEV_5500;XIREC;7.0;5
947800;;;VEV_6000;XIREC;0.0;5
947800;;;VEV_6500;XIREC;0.0;5
948900;;;VEV_5400;XIREC;16.0;3
948900;;;VEV_5500;XIREC;7.0;3
948900;;;VEV_6000;XIREC;0.0;3
948900;;;VEV_6500;XIREC;0.0;3
949500;;;VELVETFRUIT_EXTRACT;XIREC;5246.0;6
949600;;SUBMISSION;HYDROGEL_PACK;XIREC;10014.0;4
950000;;;VEV_5300;XIREC;44.0;4
950000;;;VEV_5400;XIREC;15.0;4
950000;;;VEV_6000;XIREC;0.0;4
950000;;;VEV_6500;XIREC;0.0;4
950300;SUBMISSION;;HYDROGEL_PACK;XIREC;9999.0;3
950600;;SUBMISSION;HYDROGEL_PACK;XIREC;10005.0;5
950600;;SUBMISSION;HYDROGEL_PACK;XIREC;10020.0;4
950700;;SUBMISSION;HYDROGEL_PACK;XIREC;10005.0;5
950800;;SUBMISSION;HYDROGEL_PACK;XIREC;10004.0;2
951000;;SUBMISSION;HYDROGEL_PACK;XIREC;10004.0;3
951100;;SUBMISSION;HYDROGEL_PACK;XIREC;10004.0;3
951200;;SUBMISSION;HYDROGEL_PACK;XIREC;10005.0;6
951300;;SUBMISSION;HYDROGEL_PACK;XIREC;10007.0;11
951400;;SUBMISSION;HYDROGEL_PACK;XIREC;10006.0;9
951500;;SUBMISSION;HYDROGEL_PACK;XIREC;10006.0;9
951600;;SUBMISSION;HYDROGEL_PACK;XIREC;10008.0;12
951600;;SUBMISSION;HYDROGEL_PACK;XIREC;10006.0;2
951600;;;VELVETFRUIT_EXTRACT;XIREC;5236.0;5
951700;;SUBMISSION;HYDROGEL_PACK;XIREC;10007.0;11
951800;;SUBMISSION;HYDROGEL_PACK;XIREC;10005.0;6
951800;;;HYDROGEL_PACK;XIREC;10005.0;5
951900;;SUBMISSION;HYDROGEL_PACK;XIREC;10005.0;6
952000;;SUBMISSION;HYDROGEL_PACK;XIREC;10005.0;6
952000;;;VELVETFRUIT_EXTRACT;XIREC;5242.0;7
952200;;SUBMISSION;HYDROGEL_PACK;XIREC;10005.0;6
952300;;SUBMISSION;HYDROGEL_PACK;XIREC;10007.0;12
952400;;SUBMISSION;HYDROGEL_PACK;XIREC;10009.0;13
952400;;SUBMISSION;HYDROGEL_PACK;XIREC;10006.0;5
952500;;SUBMISSION;HYDROGEL_PACK;XIREC;10009.0;14
952500;;SUBMISSION;HYDROGEL_PACK;XIREC;10006.0;4
952600;;SUBMISSION;HYDROGEL_PACK;XIREC;10011.0;15
952600;;SUBMISSION;HYDROGEL_PACK;XIREC;10008.0;8
952700;;SUBMISSION;HYDROGEL_PACK;XIREC;10013.0;15
952700;;SUBMISSION;HYDROGEL_PACK;XIREC;10011.0;14
952800;;SUBMISSION;HYDROGEL_PACK;XIREC;10013.0;13
952800;;SUBMISSION;HYDROGEL_PACK;XIREC;10010.0;16
952800;;;VEV_4000;XIREC;1230.0;1
952900;;SUBMISSION;HYDROGEL_PACK;XIREC;10013.0;14
952900;;SUBMISSION;HYDROGEL_PACK;XIREC;10010.0;15
953000;;SUBMISSION;HYDROGEL_PACK;XIREC;10012.0;5
953500;;SUBMISSION;HYDROGEL_PACK;XIREC;10013.0;3
954000;;SUBMISSION;HYDROGEL_PACK;XIREC;10014.0;3
954300;;SUBMISSION;HYDROGEL_PACK;XIREC;10014.0;1
954600;;;VELVETFRUIT_EXTRACT;XIREC;5235.0;3
954900;SUBMISSION;;VELVETFRUIT_EXTRACT;XIREC;5231.0;24
954900;SUBMISSION;;VELVETFRUIT_EXTRACT;XIREC;5232.0;26
954900;SUBMISSION;;VEV_4000;XIREC;1239.0;7
954900;SUBMISSION;;VEV_4000;XIREC;1241.0;29
954900;SUBMISSION;;VEV_4500;XIREC;736.0;8
954900;SUBMISSION;;VEV_4500;XIREC;738.0;12
955100;SUBMISSION;;VELVETFRUIT_EXTRACT;XIREC;5232.0;50
955100;SUBMISSION;;VEV_4000;XIREC;1239.0;9
955100;SUBMISSION;;VEV_4000;XIREC;1242.0;18
955100;SUBMISSION;;VEV_4500;XIREC;737.0;7
955100;SUBMISSION;;VEV_4500;XIREC;739.0;24
955100;;;VELVETFRUIT_EXTRACT;XIREC;5226.0;8
955200;SUBMISSION;;VELVETFRUIT_EXTRACT;XIREC;5231.0;21
955200;SUBMISSION;;VELVETFRUIT_EXTRACT;XIREC;5232.0;29
955200;SUBMISSION;;VEV_4000;XIREC;1239.0;15
955200;SUBMISSION;;VEV_4000;XIREC;1242.0;15
955200;SUBMISSION;;VEV_4500;XIREC;737.0;9
955200;SUBMISSION;;VEV_4500;XIREC;738.0;16
955300;SUBMISSION;;VELVETFRUIT_EXTRACT;XIREC;5232.0;50
955300;SUBMISSION;;VEV_4000;XIREC;1240.0;8
955300;SUBMISSION;;VEV_4000;XIREC;1242.0;25
955300;SUBMISSION;;VEV_4500;XIREC;737.0;6
955300;SUBMISSION;;VEV_4500;XIREC;739.0;12
955500;;SUBMISSION;HYDROGEL_PACK;XIREC;10017.0;7
955500;SUBMISSION;;VELVETFRUIT_EXTRACT;XIREC;5232.0;50
955500;SUBMISSION;;VEV_4000;XIREC;1240.0;13
955500;SUBMISSION;;VEV_4000;XIREC;1242.0;28
955500;SUBMISSION;;VEV_4500;XIREC;737.0;8
955500;SUBMISSION;;VEV_4500;XIREC;739.0;12
955600;;SUBMISSION;HYDROGEL_PACK;XIREC;10019.0;6
955600;SUBMISSION;;VELVETFRUIT_EXTRACT;XIREC;5231.0;20
955600;SUBMISSION;;VELVETFRUIT_EXTRACT;XIREC;5232.0;30
955600;SUBMISSION;;VEV_4000;XIREC;1239.0;12
955600;SUBMISSION;;VEV_4000;XIREC;1242.0;19
955600;SUBMISSION;;VEV_4500;XIREC;737.0;6
955600;SUBMISSION;;VEV_4500;XIREC;738.0;12
955700;;SUBMISSION;HYDROGEL_PACK;XIREC;10020.0;3
955700;SUBMISSION;;VELVETFRUIT_EXTRACT;XIREC;5230.0;19
955700;SUBMISSION;;VELVETFRUIT_EXTRACT;XIREC;5231.0;31
955700;SUBMISSION;;VEV_4000;XIREC;1238.0;11
955700;SUBMISSION;;VEV_4000;XIREC;1240.0;23
955700;SUBMISSION;;VEV_4500;XIREC;735.0;6
955700;SUBMISSION;;VEV_4500;XIREC;737.0;18
955700;SUBMISSION;;VEV_5000;XIREC;238.0;6
955700;SUBMISSION;;VEV_5000;XIREC;239.0;18
955800;SUBMISSION;;VELVETFRUIT_EXTRACT;XIREC;5232.0;50
955800;SUBMISSION;;VEV_4000;XIREC;1239.0;11
955800;SUBMISSION;;VEV_4000;XIREC;1242.0;30
955800;SUBMISSION;;VEV_4500;XIREC;737.0;9
955800;SUBMISSION;;VEV_4500;XIREC;739.0;20
955900;SUBMISSION;;VEV_4000;XIREC;1238.0;8
955900;SUBMISSION;;VEV_4000;XIREC;1241.0;16
955900;SUBMISSION;;VEV_4500;XIREC;736.0;9
955900;SUBMISSION;;VEV_4500;XIREC;738.0;24
956000;SUBMISSION;;VEV_4000;XIREC;1238.0;10
956000;SUBMISSION;;VEV_4000;XIREC;1240.0;16
956000;SUBMISSION;;VEV_4500;XIREC;735.0;7
956000;SUBMISSION;;VEV_4500;XIREC;737.0;13
956000;SUBMISSION;;VEV_5000;XIREC;238.0;20
956100;SUBMISSION;;VEV_4000;XIREC;1238.0;14
956100;SUBMISSION;;VEV_4000;XIREC;1240.0;29
956100;SUBMISSION;;VEV_4500;XIREC;735.0;9
956100;SUBMISSION;;VEV_4500;XIREC;737.0;17
956100;SUBMISSION;;VEV_5000;XIREC;238.0;9
956100;SUBMISSION;;VEV_5000;XIREC;239.0;17
956200;SUBMISSION;;VEV_4000;XIREC;1238.0;15
956200;SUBMISSION;;VEV_4000;XIREC;1240.0;27
956200;SUBMISSION;;VEV_4500;XIREC;735.0;8
956200;SUBMISSION;;VEV_4500;XIREC;737.0;19
956200;SUBMISSION;;VEV_5000;XIREC;238.0;8
956200;SUBMISSION;;VEV_5000;XIREC;239.0;19
956300;SUBMISSION;;VEV_4000;XIREC;1237.0;8
956300;SUBMISSION;;VEV_4000;XIREC;1239.0;20
956300;SUBMISSION;;VEV_4500;XIREC;734.0;9
956300;SUBMISSION;;VEV_4500;XIREC;736.0;12
956300;SUBMISSION;;VEV_5000;XIREC;237.0;9
956300;SUBMISSION;;VEV_5000;XIREC;238.0;12
956400;;SUBMISSION;HYDROGEL_PACK;XIREC;10021.0;1
956400;SUBMISSION;;VEV_4000;XIREC;1238.0;12
956400;SUBMISSION;;VEV_4000;XIREC;1240.0;27
956400;SUBMISSION;;VEV_4500;XIREC;735.0;8
956400;SUBMISSION;;VEV_4500;XIREC;737.0;12
956400;SUBMISSION;;VEV_5000;XIREC;238.0;8
956400;SUBMISSION;;VEV_5000;XIREC;239.0;12
956500;SUBMISSION;;VEV_4000;XIREC;1239.0;11
956500;SUBMISSION;;VEV_4000;XIREC;1242.0;17
956500;SUBMISSION;;VEV_4500;XIREC;737.0;6
956500;SUBMISSION;;VEV_4500;XIREC;739.0;19
956600;SUBMISSION;;VEV_4000;XIREC;1239.0;7
956600;SUBMISSION;;VEV_4000;XIREC;1241.0;16
956600;SUBMISSION;;VEV_4500;XIREC;736.0;10
956600;SUBMISSION;;VEV_4500;XIREC;738.0;14
956700;SUBMISSION;;VEV_4000;XIREC;1238.0;10
956700;SUBMISSION;;VEV_4000;XIREC;1240.0;21
956700;SUBMISSION;;VEV_4500;XIREC;735.0;9
956700;SUBMISSION;;VEV_4500;XIREC;737.0;20
956700;SUBMISSION;;VEV_5000;XIREC;238.0;9
956700;SUBMISSION;;VEV_5000;XIREC;239.0;20
956800;SUBMISSION;;VEV_4000;XIREC;1239.0;13
956800;SUBMISSION;;VEV_4000;XIREC;1241.0;27
956800;SUBMISSION;;VEV_4500;XIREC;736.0;7
956800;SUBMISSION;;VEV_4500;XIREC;738.0;24
956900;SUBMISSION;;VEV_4000;XIREC;1237.0;3
956900;SUBMISSION;;VEV_4500;XIREC;735.0;8
956900;SUBMISSION;;VEV_4500;XIREC;736.0;18
956900;SUBMISSION;;VEV_5000;XIREC;238.0;26
957000;SUBMISSION;;VEV_4500;XIREC;735.0;10
957000;SUBMISSION;;VEV_4500;XIREC;736.0;19
957000;SUBMISSION;;VEV_5000;XIREC;238.0;29
957000;;;HYDROGEL_PACK;XIREC;10014.0;3
957100;SUBMISSION;;VEV_4500;XIREC;736.0;9
957100;SUBMISSION;;VEV_4500;XIREC;738.0;22
957200;SUBMISSION;;VEV_4500;XIREC;736.0;7
957200;SUBMISSION;;VEV_4500;XIREC;738.0;13
957300;SUBMISSION;;VEV_4500;XIREC;736.0;12
957300;SUBMISSION;;VEV_4500;XIREC;738.0;21
957400;SUBMISSION;;VEV_4500;XIREC;737.0;12
957400;SUBMISSION;;VEV_4500;XIREC;738.0;8
958900;;;VELVETFRUIT_EXTRACT;XIREC;5228.0;7
959000;;SUBMISSION;HYDROGEL_PACK;XIREC;10024.0;2
959100;;SUBMISSION;HYDROGEL_PACK;XIREC;10025.0;3
960600;;;VELVETFRUIT_EXTRACT;XIREC;5231.0;5
961200;;;VELVETFRUIT_EXTRACT;XIREC;5230.0;8
963500;;;VELVETFRUIT_EXTRACT;XIREC;5236.0;3
965600;;;VELVETFRUIT_EXTRACT;XIREC;5238.0;8
968200;;;VELVETFRUIT_EXTRACT;XIREC;5232.0;6
969800;;;VELVETFRUIT_EXTRACT;XIREC;5232.0;8
970100;SUBMISSION;;VEV_5000;XIREC;238.0;10
970100;SUBMISSION;;VEV_5000;XIREC;239.0;17
970200;SUBMISSION;;VEV_5000;XIREC;237.0;28
970300;SUBMISSION;;VEV_5000;XIREC;236.0;21
970400;SUBMISSION;;VEV_5000;XIREC;236.0;10
970400;SUBMISSION;;VEV_5000;XIREC;237.0;23
970500;SUBMISSION;;VEV_5000;XIREC;237.0;22
970600;SUBMISSION;;VEV_5000;XIREC;236.0;33
970700;SUBMISSION;;VEV_5000;XIREC;236.0;32
970800;SUBMISSION;;VEV_5000;XIREC;237.0;11
970800;SUBMISSION;;VEV_5000;XIREC;238.0;20
970900;SUBMISSION;;VEV_5000;XIREC;236.0;9
970900;SUBMISSION;;VEV_5000;XIREC;237.0;20
971000;SUBMISSION;;VEV_5000;XIREC;236.0;34
971100;SUBMISSION;;VEV_5000;XIREC;235.0;7
971100;SUBMISSION;;VEV_5000;XIREC;236.0;14
971200;SUBMISSION;;VEV_5000;XIREC;237.0;23
971300;SUBMISSION;;VEV_5000;XIREC;237.0;25
971300;;;VELVETFRUIT_EXTRACT;XIREC;5229.0;3
971400;SUBMISSION;;VEV_5000;XIREC;238.0;8
971400;SUBMISSION;;VEV_5000;XIREC;239.0;11
971600;;;VELVETFRUIT_EXTRACT;XIREC;5225.0;7
973400;;SUBMISSION;HYDROGEL_PACK;XIREC;10032.0;4
975800;;SUBMISSION;HYDROGEL_PACK;XIREC;10026.0;5
976600;;;VELVETFRUIT_EXTRACT;XIREC;5231.0;7
976800;;SUBMISSION;HYDROGEL_PACK;XIREC;10022.0;6
977200;;SUBMISSION;HYDROGEL_PACK;XIREC;10020.0;5
978300;;;VELVETFRUIT_EXTRACT;XIREC;5241.0;5
980400;SUBMISSION;;HYDROGEL_PACK;XIREC;9997.0;2
980400;;;VELVETFRUIT_EXTRACT;XIREC;5239.0;8
982400;SUBMISSION;;HYDROGEL_PACK;XIREC;9998.0;3
983900;;;VEV_4000;XIREC;1253.0;3
984900;;;VELVETFRUIT_EXTRACT;XIREC;5239.0;4
985800;;;VELVETFRUIT_EXTRACT;XIREC;5239.0;5
986900;;;VELVETFRUIT_EXTRACT;XIREC;5250.0;8
988300;SUBMISSION;;HYDROGEL_PACK;XIREC;9995.0;2
989200;;;VELVETFRUIT_EXTRACT;XIREC;5247.0;8
989700;;;VEV_4000;XIREC;1234.0;2
989900;;;VELVETFRUIT_EXTRACT;XIREC;5241.0;4
990100;;;VEV_4000;XIREC;1254.0;2
990400;SUBMISSION;;HYDROGEL_PACK;XIREC;9989.0;4
991100;;;VELVETFRUIT_EXTRACT;XIREC;5244.0;13
992100;SUBMISSION;;HYDROGEL_PACK;XIREC;9993.0;8
992100;SUBMISSION;;HYDROGEL_PACK;XIREC;10001.0;4
992800;SUBMISSION;;HYDROGEL_PACK;XIREC;9991.0;10
992800;SUBMISSION;;HYDROGEL_PACK;XIREC;10000.0;7
992900;SUBMISSION;;HYDROGEL_PACK;XIREC;9998.0;9
993000;SUBMISSION;;HYDROGEL_PACK;XIREC;9993.0;11
993000;SUBMISSION;;HYDROGEL_PACK;XIREC;9996.0;12
993100;SUBMISSION;;HYDROGEL_PACK;XIREC;9991.0;12
993100;SUBMISSION;;HYDROGEL_PACK;XIREC;9994.0;6
993200;SUBMISSION;;HYDROGEL_PACK;XIREC;9990.0;14
993200;SUBMISSION;;HYDROGEL_PACK;XIREC;9992.0;19
993300;SUBMISSION;;HYDROGEL_PACK;XIREC;9989.0;11
993300;SUBMISSION;;HYDROGEL_PACK;XIREC;9991.0;24
993400;SUBMISSION;;HYDROGEL_PACK;XIREC;9989.0;13
993400;SUBMISSION;;HYDROGEL_PACK;XIREC;9991.0;22
993500;SUBMISSION;;HYDROGEL_PACK;XIREC;9986.0;13
993500;SUBMISSION;;HYDROGEL_PACK;XIREC;9989.0;28
993600;SUBMISSION;;HYDROGEL_PACK;XIREC;9987.0;11
993600;SUBMISSION;;HYDROGEL_PACK;XIREC;9990.0;26
993700;SUBMISSION;;HYDROGEL_PACK;XIREC;9990.0;15
993700;SUBMISSION;;HYDROGEL_PACK;XIREC;9992.0;16
993800;SUBMISSION;;HYDROGEL_PACK;XIREC;9990.0;15
993800;SUBMISSION;;HYDROGEL_PACK;XIREC;9992.0;3
994100;SUBMISSION;;HYDROGEL_PACK;XIREC;9989.0;3
994300;;;VEV_5300;XIREC;46.0;3
994300;;;VEV_5400;XIREC;16.0;3
994300;;;VEV_5500;XIREC;7.0;3
994300;;;VEV_6000;XIREC;0.0;3
994300;;;VEV_6500;XIREC;0.0;3
995100;SUBMISSION;;HYDROGEL_PACK;XIREC;9987.0;5
995600;SUBMISSION;;HYDROGEL_PACK;XIREC;9983.0;10
995600;SUBMISSION;;HYDROGEL_PACK;XIREC;9986.0;1
997000;SUBMISSION;;HYDROGEL_PACK;XIREC;9978.0;5
997200;;;VEV_4000;XIREC;1255.0;3
997900;;;VEV_4000;XIREC;1255.0;2
999000;;;VEV_4000;XIREC;1253.0;1
999900;;;HYDROGEL_PACK;XIREC;9966.0;5
